0.000000000000000000e+00 1.944998575092615756e-02 1.171986320889142341e-01 2.849814762040464577e-03 5.500142490738102463e-02 2.336848104873183452e-02 2.885437446565974895e-02 2.493587916785409975e-03 3.740381875178114268e-02 2.408093473924195066e-02 4.445711028783128071e-02 2.921060131091479661e-02 1.129951553149045052e-01 2.422342547734435136e-03 1.143488173268737695e-01 2.329723567968081110e-02 1.774009689370192877e-02 1.674266172698773980e-02 8.791678540894842797e-02 2.571957822741521849e-02 1.937874038187517578e-02 4.381590196637218798e-02 4.709318894271872363e-02 2.372470789398689259e-02 1.652892561983471120e-02 4.132231404958677801e-02 2.301225420347677297e-02 2.194357366771160223e-02 8.385579937304071807e-02 2.522086064405815176e-02 1.510401823881447891e-02 7.124536905101161444e-04 6.305215161014532388e-02 4.880307779994300099e-02 7.124536905101161444e-04 1.617269877457965313e-02 3.633513821601595806e-02 7.039042462239954168e-02 2.229980051296665683e-02 1.866628669136505964e-02 1.396409233399828476e-02 3.013679110857794829e-02 1.937874038187517578e-02 2.301225420347677297e-02 1.040182388144770403e-02 8.976916500427471746e-03 1.182673126246794326e-02 1.866628669136505964e-02 1.752636078654887242e-02 6.176973496722712453e-02 4.566828156169849828e-02 2.087489313194643148e-02 2.215730977486463082e-02 1.432031917925333242e-02 3.227415218010828979e-02 5.058421202621829482e-03 1.225420347677397270e-02 1.011684240524366452e-01 2.358221715588493250e-02 5.842120262182948220e-03 2.970931889427186334e-02 8.456825306355086891e-02 1.888002279851808130e-02 1.310914790538619812e-02 7.259903106298090658e-02 3.206041607295526119e-03 6.461954972926758911e-02 7.908235964662297529e-03 5.200911940723806914e-03 9.240524365916213956e-02 4.702194357366767941e-03 2.137361071530348433e-03 1.774009689370187326e-02 1.660017098888572074e-02 5.400398974066689117e-02 8.193217440866346069e-03 1.097891137076090207e-01 5.528640638358506276e-02 1.930749501282413849e-02 8.335708178968365134e-03 1.809632373895697643e-02 3.348532345397503551e-03 1.922912510686805299e-01 1.189797663151895279e-02 1.430607010544314717e-01 4.274722143060696866e-03 1.731262467939584382e-02 3.120547164434311904e-02 6.761185522941010051e-02 2.365346252493588652e-02 2.151610145340553115e-02 1.802507836990596690e-02 9.333143345682529818e-03 8.193217440866346069e-03 3.519521231119977084e-02 6.127101738387007168e-03 2.693074950128241524e-02 3.989740666856654572e-02 9.981476204046735301e-02 6.312339697919633341e-02 3.626389284696494852e-02 1.378597891137076092e-01 5.493017953833001510e-02 8.186092903961242340e-02 1.004559703619264943e-02 5.279281846679965973e-02 1.182673126246794326e-02 2.222855514391564036e-02 1.004559703619264943e-02 1.902251353662012118e-02 7.552009119407239457e-03 5.493017953833001510e-02 2.115987460815046961e-02 1.075805072670276558e-02 6.141350812197207687e-02 7.039042462239954168e-02
1.944998575092615756e-02 0.000000000000000000e+00 2.621829581077229909e-02 8.150470219435737573e-02 3.555143915645483238e-02 6.839555428897123313e-03 2.493587916785409975e-03 9.048161869478488217e-03 1.510401823881447891e-02 5.464519806212596309e-02 3.605015673981193380e-02 4.830436021658590651e-02 7.979481333713317470e-03 3.070675406098599680e-02 4.595326303790253641e-02 1.930749501282413849e-02 5.122542034767740837e-02 7.352522086064405826e-02 1.360074095183813059e-01 3.889997150185242614e-02 3.626389284696494852e-02 1.795383300085494349e-02 8.620689655172413673e-03 2.586206896551724102e-02 7.908235964662297529e-03 0.000000000000000000e+00 3.555143915645483238e-02 2.586206896551724102e-02 4.659447135936162221e-02 2.457965232259906596e-02 9.689370190937587890e-03 1.724137931034482735e-02 3.719008264462808633e-02 3.797378170418924670e-02 8.620689655172413673e-03 8.976916500427471746e-03 2.051866628669136994e-02 3.049301795383299596e-02 1.075805072670276558e-02 1.261043032202907588e-02 2.044742091764034653e-02 3.227415218010828979e-02 2.728697634653747678e-02 2.336848104873183452e-02 4.923055001424907207e-02 2.443716158449700873e-02 2.051866628669136994e-02 6.105728127671701533e-02 3.277286976346535652e-03 3.740381875178114268e-02 1.040182388144770403e-02 1.434169278996864916e-01 4.288971216870901548e-02 7.623254488458269806e-03 6.868053576517527126e-02 2.949558278711883474e-02 2.828441151325156167e-02 4.274722143060682988e-03 7.694499857509251584e-03 2.643203191792542484e-02 5.870618409803363136e-02 1.141350812197207132e-01 3.070675406098610782e-02 1.645768025078375718e-02 1.068680535765174217e-03 2.700199487033344559e-02 6.461954972926758911e-02 8.264462809917355601e-03 1.930749501282424951e-02 2.030493017953832746e-02 2.265602735822171837e-02 2.728697634653747678e-02 1.196922200056993457e-02 2.757195782274149409e-02 5.899116557423766949e-02 5.094043887147334249e-02 6.062980906241091650e-02 6.055856369335976819e-03 5.129666571672852893e-03 3.569392989455683063e-02 1.382160159589629345e-02 3.776004559703616259e-03 1.367911085779424663e-02 2.001994870333428933e-02 2.087489313194643148e-02 2.735822171558849325e-02 2.849814762040464577e-03 6.390709603875746603e-02 6.105728127671701533e-02 1.752636078654887242e-02 7.502137361071528621e-02 6.176973496722712453e-02 7.901111427757195882e-02 1.866628669136505964e-02 2.408093473924195066e-02 1.403533770304930123e-02 4.417212881162724258e-02 5.414648047876891024e-03 1.709888857224284298e-03 1.731262467939584382e-02 4.139355941863778754e-02 4.880307779994300099e-02 7.103163294385866910e-02 7.252778569392989705e-02 2.080364776289540807e-02 1.902251353662012118e-02 2.365346252493588652e-02 1.154174978626389125e-02 4.923055001424907207e-02 3.989740666856654572e-02 2.586206896551724102e-02 7.359646622969506780e-02 9.618124821886564479e-03 2.194357366771160223e-02 2.728697634653747678e-02 2.835565688230265446e-02
1.171986320889142341e-01 2.621829581077229909e-02 0.000000000000000000e+00 9.290396124251920629e-02 2.094613850099735775e-02 1.916500427472211943e-02 8.264462809917327846e-03 1.201196922200056250e-01 6.262467939583926668e-02 1.306640068395554244e-01 2.671701339412940746e-02 4.274722143060696866e-03 4.616699914505562052e-02 7.395269307495011546e-02 5.443146195497294837e-02 3.334283271587346054e-02 1.724137931034482735e-02 8.620689655172413673e-03 4.189227700199493754e-02 3.918495297805635325e-03 4.987175833570817174e-02 4.424337418067825212e-02 4.345967512111692521e-03 8.000854944428603677e-02 6.982046166999156256e-03 2.892561983471075848e-02 6.554573952693076855e-02 1.686377885437446156e-01 3.519521231119977084e-02 7.124536905101161444e-04 3.462524935879174315e-02 4.581077229980046184e-02 1.253918495297805247e-02 3.441151325163863128e-02 1.380735252208606378e-01 2.885437446565974895e-02 9.333143345682529818e-03 1.581647192932459506e-02 2.009119407238529886e-02 7.552009119407239457e-03 3.234539754915930626e-02 1.724137931034482735e-02 2.728697634653747678e-02 3.590766600170988698e-02 9.625249358791679311e-02 3.733257338273011927e-02 1.724137931034482735e-02 2.336848104873183452e-02 3.996865203761754137e-02 2.657452265602736063e-02 1.018096323738956754e-01 3.555143915645483238e-02 1.902251353662012118e-02 7.552009119407239457e-03 2.087489313194643148e-02 7.552009119407239457e-03 7.552009119407239457e-03 2.479338842975206680e-02 8.107722998005129078e-02 1.902251353662012118e-02 1.349387289826161074e-01 4.559703619264747487e-02 7.124536905101161444e-04 8.976916500427471746e-03 6.098603590766604743e-02 8.813052151610145657e-02 8.093473924194924396e-02 1.248218865773724762e-01 9.689370190937587890e-03 2.115987460815046961e-02 3.405528640638358362e-02 1.909375890567113765e-02 3.519521231119977084e-02 2.301225420347677297e-02 2.301225420347677297e-02 2.137361071530348433e-03 2.336848104873183452e-02 1.403533770304930123e-02 2.586206896551724102e-02 3.562268452550580722e-04 8.620689655172413673e-03 8.264462809917355601e-03 8.613565118267313414e-02 4.488458250213736567e-02 2.807067540609860246e-02 1.439156454830436277e-02 2.557708748931319942e-02 3.056426332288401243e-02 1.367198632088914567e-01 3.491023083499572577e-02 8.805927614705044704e-02 1.021658592191507786e-01 1.150612710173838926e-01 9.326018808777425395e-02 6.319464234824737070e-02 4.310344827586207184e-02 4.780564263322883978e-02 5.785123966942148921e-02 8.620689655172413673e-03 2.443716158449700873e-02 5.058421202621829482e-03 3.476774009689370670e-02 4.630948988315758408e-03 9.525505842120263189e-02 1.439156454830436277e-02 7.188657737247078350e-02 5.770874893131945627e-03 2.764320319179253138e-02 4.524080934739241333e-02 3.198917070390425166e-02 9.404388714733535881e-03 9.333143345682529818e-03 1.510401823881447891e-02 1.781134226275293830e-03 2.087489313194643148e-02 1.546024508406953699e-02
2.849814762040464577e-03 8.150470219435737573e-02 9.290396124251920629e-02 0.000000000000000000e+00 3.925619834710741829e-02 1.923624964377368407e-03 6.882302650327726257e-02 1.403533770304932204e-02 8.093473924194924396e-02 4.937304075235116052e-02 8.079224850384725265e-02 1.029495582787118835e-01 7.003419777714448013e-02 1.023083499572527699e-01 9.689370190937590666e-02 4.830436021658590651e-02 0.000000000000000000e+00 7.124536905101161444e-04 9.475634083784545414e-03 1.529638073525220743e-01 9.618124821886564479e-03 1.966372185807924167e-02 6.027358221715584108e-02 1.866628669136505270e-02 1.194072385294955851e-01 1.162724422912511102e-01 6.697064690795118125e-03 4.402963807352522352e-02 4.310344827586207184e-02 2.693074950128241524e-02 1.313052151610145657e-01 1.892277001994869812e-01 2.408093473924195066e-02 4.274722143060849522e-04 1.085779424337418031e-01 1.215445996010259266e-01 7.552009119407239457e-03 3.626389284696494852e-02 2.835565688230265446e-02 8.976916500427473133e-02 1.546024508406953699e-02 4.595326303790253641e-02 4.887432316899401746e-02 3.989740666856654572e-02 1.474779139355941737e-02 1.459105158164719362e-01 7.195782274152181385e-03 5.785123966942148921e-02 1.424907381020232289e-03 1.546024508406953699e-02 1.033057851239668756e-02 1.111427757195782018e-02 2.835565688230265446e-02 2.835565688230265446e-02 6.141350812197207687e-02 7.124536905101161444e-04 1.068680535765174217e-03 1.795383300085494349e-02 9.333143345682529818e-03 2.137361071530348433e-03 1.068680535765174217e-03 3.049301795383299596e-02 8.620689655172413673e-03 1.795383300085494349e-02 5.842120262182959323e-02 8.107722998005129078e-02 1.581647192932459506e-02 1.043032202906811201e-01 6.839555428897123313e-03 4.744941578797378517e-02 4.630948988315759796e-02 2.066115702479331961e-03 3.448275862068965469e-02 4.524080934739241333e-02 4.417212881162724258e-02 1.073667711598746133e-01 1.581647192932459506e-02 1.396409233399828476e-02 1.724137931034482735e-02 4.310344827586207184e-02 2.479338842975206680e-02 1.724137931034482735e-02 1.461242519236249648e-01 1.083642063265887745e-01 7.031917925334851827e-02 1.888002279851813681e-02 6.062980906241091650e-02 1.702764320319177793e-02 7.487888287261323939e-02 6.198347107438018089e-02 7.644628099173553237e-02 1.296665716728412354e-02 4.752066115702480165e-02 9.048161869478488217e-03 2.301225420347677297e-02 4.488458250213736567e-02 2.443716158449700873e-02 6.839555428897123313e-03 8.620689655172413673e-03 1.652892561983471120e-02 4.987175833570817174e-02 6.839555428897123313e-03 3.562268452550587661e-03 1.510401823881447891e-02 1.474779139355941737e-02 2.336848104873183452e-02 4.559703619264747487e-02 3.519521231119977084e-02 1.795383300085494349e-02 2.265602735822171837e-02 2.372470789398689259e-02 8.976916500427471746e-03 1.474779139355941737e-02 8.834425762325448517e-02 2.949558278711883474e-02 1.831005984611000503e-02
5.500142490738102463e-02 3.555143915645483238e-02 2.094613850099735775e-02 3.925619834710741829e-02 0.000000000000000000e+00 4.987175833570811623e-02 9.119407238529553261e-03 2.137361071530285983e-04 1.040182388144772485e-02 9.261897976631527918e-02 5.649757765745225258e-02 2.942433741806782521e-02 3.462524935879168764e-02 2.379595326303790559e-02 1.567398119122254130e-02 4.844685095468870273e-03 4.060986035907666186e-02 7.552009119407239457e-03 2.507836990595610493e-02 2.564833285836426446e-03 9.646622969506979395e-02 2.956682815616984428e-02 5.222285551439154183e-02 3.113422627529210951e-02 1.201196922200056250e-01 1.755485893416928178e-01 3.227415218010831754e-02 1.489028213166143644e-02 2.051866628669136994e-02 2.799943003704759292e-02 7.822741521801079845e-02 4.125106868053576847e-02 8.976916500427471746e-03 6.127101738387007168e-03 4.495582787118837520e-02 2.543459675121115260e-02 3.519521231119977084e-02 1.068680535765174217e-03 4.773439726417783024e-02 6.248218865773724762e-02 5.493017953833001510e-02 4.524080934739241333e-02 1.075805072670276558e-02 2.137361071530348433e-03 6.055856369335976819e-03 5.564263322884011043e-02 2.728697634653747678e-02 6.248218865773724762e-02 7.267027643203194387e-03 4.987175833570819949e-03 6.868053576517527126e-02 7.979481333713309144e-02 1.300940438871473481e-01 3.740381875178114268e-02 5.343402678825881491e-03 1.795383300085494349e-02 2.443716158449700873e-02 7.195782274152181385e-03 4.609575377600455548e-02 1.538899971501853092e-02 2.251353662011973400e-02 8.193217440866346069e-03 3.626389284696494852e-02 9.689370190937587890e-03 2.707324023938417756e-03 9.924479908805927675e-02 3.191792533485324213e-02 2.828441151325167269e-02 2.849814762040464577e-03 7.836990595611270649e-03 7.267027643203194387e-03 2.258478198917068802e-02 5.770874893131945627e-03 3.092049016813907397e-02 5.058421202621829482e-03 6.055856369335976819e-03 1.581647192932459506e-02 2.372470789398689259e-02 1.424907381020232289e-03 3.562268452550580722e-04 3.483898546594471624e-02 9.689370190937587890e-03 6.062980906241091650e-02 5.970361926474779257e-02 2.949558278711883474e-02 3.127671701339412857e-02 3.084924479908804362e-02 4.274722143060696866e-03 1.693502422342547664e-01 1.802507836990596690e-02 3.441151325163863128e-02 4.082359646622968352e-02 5.307779994300371174e-02 4.075235109717867399e-02 5.350527215730976893e-02 6.967797093188943247e-02 3.483898546594471624e-02 2.137361071530348433e-03 1.424907381020232289e-03 1.424907381020232289e-03 6.412083214591052238e-03 4.053861499002564539e-02 3.084924479908804362e-02 4.773439726417783024e-02 4.274722143060696866e-03 5.528640638358506276e-02 4.638073525220860749e-02 4.345967512111720277e-03 2.849814762040464577e-03 4.417212881162724258e-02 5.457395269307495356e-02 3.562268452550587661e-03 2.493587916785409975e-03 1.937874038187517578e-02 3.989740666856658735e-03 2.764320319179253138e-02
2.336848104873183452e-02 6.839555428897123313e-03 1.916500427472211943e-02 1.923624964377368407e-03 4.987175833570811623e-02 0.000000000000000000e+00 2.564833285836426446e-03 8.207466514676547975e-02 9.682245654032489712e-02 3.562268452550576558e-02 3.662011969222001007e-02 1.360786548874323709e-02 5.058421202621829482e-03 1.432031917925333242e-02 5.521516101453405323e-02 1.575235109717867954e-01 7.552009119407239457e-03 1.759760615559988542e-02 1.075805072670276558e-02 2.942433741806782521e-02 1.994870333428322429e-02 4.146480478768876932e-02 3.035052721573100465e-02 1.125676831005983924e-02 1.139925904816185831e-02 1.103590766600170969e-01 3.704759190652606726e-02 3.882872613280141660e-02 2.586206896551724102e-02 9.333143345682529818e-03 1.033057851239668756e-02 3.027928184667999512e-02 8.976916500427471746e-03 3.483898546594471624e-02 6.198347107437995884e-03 3.605015673981193380e-02 1.546024508406953699e-02 1.937874038187517578e-02 5.058421202621829482e-02 3.405528640638358362e-02 1.040182388144770403e-02 2.913935594186378708e-02 1.296665716728412354e-02 2.187232829866059269e-02 3.882872613280136803e-02 8.307210031347961321e-02 2.799943003704759292e-02 4.702194357366767941e-03 1.139925904816180280e-03 6.326588771729838023e-02 3.747506412083217997e-02 7.081789683670561275e-02 6.184098033627814794e-02 2.985180963237389629e-02 6.412083214591052238e-03 3.206041607295526119e-03 9.019663721858078853e-02 2.137361071530348433e-03 1.118552294100882971e-02 3.597891137076089652e-02 1.902251353662012118e-02 3.049301795383299596e-02 5.749501282416642767e-02 3.270162439441436086e-02 3.747506412083217997e-02 1.137076090054146560e-01 1.290253633513821496e-01 8.314334568253062274e-02 1.332288401253918508e-02 6.746936449130805369e-02 2.329723567968081110e-02 9.960102593331432441e-02 3.448275862068965469e-02 1.902251353662012118e-02 8.976916500427471746e-03 1.937874038187517578e-02 7.908235964662297529e-03 1.781134226275293830e-03 1.581647192932459506e-02 2.408093473924195066e-02 7.552009119407239457e-03 3.562268452550580722e-04 4.018238814477059773e-02 4.160729552579081614e-02 3.562268452550584885e-02 5.094043887147334249e-02 1.731262467939584382e-02 2.970931889427191885e-02 1.524650897691653961e-02 8.121972071815364291e-03 1.823881447705899550e-02 4.274722143060849522e-04 5.514391564548298819e-02 2.486463379880307634e-02 1.289541179823311401e-02 6.127101738387007168e-03 1.218295810772299093e-02 1.218295810772299093e-02 1.424907381020232289e-03 1.068680535765174217e-03 2.187232829866059269e-02 2.835565688230265446e-02 2.942433741806782521e-02 4.666571672841265950e-02 2.436591621544598185e-02 6.675691080079793061e-02 3.740381875178114268e-02 3.918495297805635325e-03 1.075805072670276558e-02 5.770874893131945627e-03 2.628954117982332250e-02 6.127101738387007168e-03 6.127101738387007168e-03 1.973496722713023732e-02 2.258478198917068802e-02 2.835565688230265446e-02
2.885437446565974895e-02 2.493587916785409975e-03 8.264462809917327846e-03 6.882302650327726257e-02 9.119407238529553261e-03 2.564833285836426446e-03 0.000000000000000000e+00 3.020803647762893007e-02 6.925049871758337527e-02 6.305215161014532388e-02 5.478768880022799603e-02 9.425762325448844292e-02 7.836990595611381671e-03 3.070675406098610782e-02 4.545454545454546968e-02 2.251353662011973400e-02 1.902251353662012118e-02 2.693074950128241524e-02 2.785693929894555998e-02 3.911370760900539922e-02 6.390709603875746603e-02 4.524080934739241333e-02 1.241094328868623253e-01 6.704189227700202425e-02 3.982616129951552231e-02 7.972356796808208190e-02 1.360786548874323709e-02 1.040182388144770403e-02 7.067540609860359369e-02 2.187232829866059269e-02 1.050869193502422805e-01 1.873753206041606778e-01 8.549444286121393732e-03 1.015246508976916928e-01 2.978056426332288675e-02 3.263037902536333745e-02 9.333143345682529818e-03 1.617269877457965313e-02 1.831005984611000503e-02 1.652892561983471120e-02 3.555143915645483238e-02 1.831005984611000503e-02 7.195782274152181385e-03 2.372470789398689259e-02 2.187232829866059269e-02 1.937874038187517578e-02 8.264462809917355601e-03 3.562268452550580722e-04 4.053861499002564539e-02 1.075805072670276558e-02 1.118552294100882971e-02 7.908235964662297529e-03 3.092049016813907397e-02 4.887432316899401746e-02 2.408093473924195066e-02 8.976916500427471746e-03 2.479338842975206680e-02 8.264462809917355601e-03 9.974351667141639899e-03 1.581647192932459506e-02 3.184667996580226035e-02 2.308349957252778251e-02 3.156169848959816671e-02 3.562268452550587661e-03 3.405528640638355586e-02 1.700626959247648617e-01 7.288401253918494471e-02 3.156169848959816671e-02 1.652892561983471120e-02 9.333143345682529818e-03 7.124536905100953277e-05 1.047306925049873438e-02 1.695639783414079615e-02 4.638073525220860749e-02 4.495582787118837520e-02 4.424337418067825212e-02 1.376460530065545806e-01 5.500142490738102463e-02 4.310344827586207184e-02 3.483898546594471624e-02 8.976916500427471746e-03 7.908235964662297529e-03 1.087916785408948317e-01 2.472214306070105727e-02 4.630948988315758408e-03 2.493587916785409975e-03 4.630948988315758408e-03 1.902251353662012118e-02 8.022228555143912088e-02 1.253918495297805247e-02 8.770304930179538550e-02 2.992305500142489194e-02 6.298090624109431435e-02 9.860359076660013544e-02 1.831005984611000503e-02 2.301225420347677297e-02 8.264462809917355601e-03 7.908235964662297529e-03 7.552009119407239457e-03 5.713878597891137306e-02 3.156169848959816671e-02 5.649757765745225258e-02 1.189797663151895279e-02 3.092049016813907397e-02 2.372470789398689259e-02 1.510401823881447891e-02 2.194357366771160223e-02 6.483328583642061771e-03 6.483328583642061771e-03 1.581647192932459506e-02 1.759760615559988542e-02 7.331148475349102966e-02 4.816186947848390132e-02 5.642633228840125692e-02 3.989740666856654572e-02 1.040182388144770403e-02
2.493587916785409975e-03 9.048161869478488217e-03 1.201196922200056250e-01 1.403533770304932204e-02 2.137361071530285983e-04 8.207466514676547975e-02 3.020803647762893007e-02 0.000000000000000000e+00 6.340837845540042705e-02 1.070105443146196489e-01 1.047306925049873438e-02 2.849814762040381311e-04 5.015673981191220987e-02 2.208606440581295516e-03 7.324023938444002013e-02 1.528213166144201107e-01 7.124536905101161444e-04 5.208036477628954358e-02 4.630948988315759796e-02 3.562268452550587661e-03 1.218295810772299093e-02 3.768880022798518081e-02 1.856654317469364213e-01 1.302365346252493672e-01 4.737817041892275483e-02 1.536762610430322251e-01 1.048731832430891964e-01 7.252778569392989705e-02 2.137361071530348433e-03 8.549444286121393732e-03 7.893986890852094929e-02 1.575235109717867954e-01 2.158734682245654068e-02 7.338273012254203920e-03 3.989740666856654572e-02 8.129096608720434713e-02 0.000000000000000000e+00 1.795383300085494349e-02 7.908235964662297529e-03 1.759760615559988542e-02 2.408093473924195066e-02 2.906811057281276367e-02 1.724137931034482735e-02 2.657452265602736063e-02 4.780564263322883978e-02 1.731262467939584382e-02 2.479338842975206680e-02 2.443716158449700873e-02 3.127671701339412857e-02 4.744941578797378517e-02 1.218295810772299093e-02 5.770874893131945627e-03 3.198917070390425166e-02 5.785123966942148921e-02 7.124536905101161444e-04 7.908235964662297529e-03 0.000000000000000000e+00 1.724137931034482735e-02 2.799943003704759292e-02 2.222855514391564036e-02 1.916500427472211943e-02 1.328013679110858769e-01 3.092049016813907397e-02 4.495582787118837520e-02 3.719008264462808633e-02 9.732117412368190834e-02 1.510401823881447891e-02 6.697064690795118125e-03 0.000000000000000000e+00 2.693074950128241524e-02 3.633513821601597193e-03 5.001424907381021856e-02 5.414648047876891024e-03 4.274722143060696866e-03 2.493587916785409975e-03 2.628954117982332250e-02 5.678255913365631846e-02 7.872613280136792069e-02 3.562268452550580722e-04 2.586206896551724102e-02 7.552009119407239457e-03 1.652892561983471120e-02 7.936734112282702036e-02 1.299515531490453291e-01 4.417212881162724258e-02 3.875748076375035156e-02 5.279281846679965973e-02 6.319464234824737070e-02 1.012396694214875992e-01 4.274722143060849522e-04 8.093473924194924396e-02 5.428897121687090155e-02 3.654887432316900053e-02 7.836990595611270649e-03 9.689370190937587890e-03 1.474779139355941737e-02 8.620689655172413673e-03 2.443716158449700873e-02 2.479338842975206680e-02 1.652892561983471120e-02 4.288971216870901548e-02 4.709318894271872363e-02 3.206041607295523344e-02 2.265602735822171837e-02 3.056426332288401243e-02 1.581647192932459506e-02 2.849814762040464577e-03 1.004559703619264943e-02 1.424907381020232289e-03 1.068680535765174217e-03 0.000000000000000000e+00 4.132231404958677801e-02 4.744941578797378517e-02 1.403533770304930123e-02 2.336848104873183452e-02 3.305785123966942241e-02
3.740381875178114268e-02 1.510401823881447891e-02 6.262467939583926668e-02 8.093473924194924396e-02 1.040182388144772485e-02 9.682245654032489712e-02 6.925049871758337527e-02 6.340837845540042705e-02 0.000000000000000000e+00 8.150470219435734798e-02 2.571957822741521849e-02 7.124536905101169770e-02 1.318039327443720765e-02 3.063550869193520931e-03 2.807067540609853307e-02 3.833000854944423885e-02 3.127671701339412857e-02 6.839555428897123313e-03 3.562268452550584885e-02 3.776004559703619035e-02 7.680250783699060779e-02 9.767740096893701152e-02 8.834425762325459619e-03 2.885437446565974895e-02 1.525363351382160171e-01 9.440011399259048974e-02 1.781134226275288279e-02 7.979481333713317470e-03 4.089484183528069305e-02 6.212596181248218608e-02 1.288828726132801583e-01 7.359646622969506780e-02 8.264462809917355601e-03 6.176973496722712453e-02 3.633513821601597193e-03 9.760615559988611301e-03 1.937874038187517578e-02 1.759760615559988542e-02 5.058421202621829482e-03 7.195782274152181385e-03 6.283841550299230916e-02 5.243659162154459819e-02 1.004559703619264943e-02 1.617269877457965313e-02 1.902251353662012118e-02 2.493587916785409975e-03 2.443716158449700873e-02 1.424907381020232289e-03 5.143915645483043697e-02 2.137361071530348433e-03 3.526645768025080119e-02 6.504702194357367406e-02 4.531205471644343674e-02 2.187232829866059269e-02 5.414648047876891024e-03 9.333143345682529818e-03 3.305785123966942241e-02 1.759760615559988542e-02 2.814192077514959811e-02 1.439156454830436277e-02 1.382160159589629345e-02 2.201481903676261176e-02 1.937874038187517578e-02 3.918495297805642957e-02 1.809632373895697643e-02 5.044172128811630351e-02 1.182673126246794326e-02 2.294100883442576344e-02 3.163294385864919012e-02 5.343402678825881491e-03 9.261897976631519591e-02 3.084924479908804362e-02 2.158734682245654068e-02 1.261043032202907588e-02 4.345967512111720277e-03 1.467654602450840784e-02 2.229980051296665683e-02 2.137361071530348433e-03 6.483328583642061771e-03 4.096608720433171646e-02 7.195782274152181385e-03 9.333143345682529818e-03 1.033770304930179407e-01 4.915930464519804866e-02 9.489883157594757035e-02 2.799943003704759292e-02 3.191792533485324213e-02 3.555143915645483238e-02 4.039612425192362632e-02 7.836990595611270649e-03 1.588771729837562541e-02 1.122114562553434003e-01 2.286976346537472615e-02 5.728127671701338519e-02 6.212596181248218608e-02 2.728697634653747678e-02 3.562268452550580722e-04 1.424907381020232289e-03 5.785123966942148921e-02 2.443716158449700873e-02 2.208606440581378783e-03 5.343402678825881491e-03 1.360786548874323709e-02 2.835565688230265446e-02 2.194357366771160223e-02 4.060986035907666186e-02 3.918495297805635325e-03 1.068680535765174217e-03 7.039042462239954168e-02 2.693074950128241524e-02 1.040182388144770403e-02 6.483328583642061771e-03 1.474779139355941737e-02 4.744941578797378517e-02 4.666571672841265950e-02 1.040182388144770403e-02
2.408093473924195066e-02 5.464519806212596309e-02 1.306640068395554244e-01 4.937304075235116052e-02 9.261897976631527918e-02 3.562268452550576558e-02 6.305215161014532388e-02 1.070105443146196489e-01 8.150470219435734798e-02 0.000000000000000000e+00 7.765745226560273606e-02 9.539754915930470647e-02 3.134796238244511035e-02 1.065830721003134807e-01 4.331718438301512819e-02 1.154174978626387738e-02 2.693074950128241524e-02 3.519521231119977084e-02 6.504702194357367406e-02 3.206041607295526119e-03 6.412083214590857949e-04 7.466514676546023854e-02 3.946993445426047464e-02 6.597321174123682574e-02 1.342262752921060120e-01 2.161584497007694172e-01 1.331575947563408691e-01 6.818181818181817677e-02 2.229980051296665683e-02 9.974351667141612143e-04 1.159874608150470165e-01 1.091479053861499071e-01 3.562268452550580722e-04 5.635508691935023351e-02 1.111427757195782018e-02 6.782559133656312911e-02 9.689370190937587890e-03 1.424907381020232289e-03 2.621829581077229909e-02 1.866628669136505964e-02 6.839555428897123313e-03 2.942433741806782521e-02 1.866628669136505964e-02 1.040182388144770403e-02 2.871188372755770213e-02 5.635508691935023351e-02 3.234539754915930626e-02 6.839555428897123313e-03 4.773439726417783024e-02 2.187232829866059269e-02 2.564833285836426446e-03 3.669136506127101960e-02 3.882872613280136803e-02 6.362211456255342790e-02 3.989740666856654572e-02 3.562268452550580722e-04 8.264462809917355601e-03 8.620689655172413673e-03 9.760615559988611301e-03 7.836990595611270649e-03 2.792818466799656951e-02 8.784554003989741844e-02 5.770874893131945627e-03 4.638073525220860749e-02 1.168424052436595195e-02 1.048019378740381313e-01 7.003419777714448013e-02 1.673553719008264440e-01 2.621829581077229909e-02 4.559703619264747487e-02 7.480763750356222985e-03 1.610145340552862625e-02 3.163294385864919012e-02 2.016243944143630840e-02 3.662011969222001007e-02 1.588771729837562541e-02 7.331148475349102966e-02 2.194357366771160223e-02 2.657452265602736063e-02 1.068680535765174217e-03 1.866628669136505964e-02 7.195782274152181385e-03 4.666571672841265950e-02 9.261897976631516816e-03 5.500142490738102463e-02 3.847249928754631343e-02 1.182673126246794326e-02 3.662011969222001007e-02 7.231404958677684069e-02 5.001424907381021856e-02 6.119977201481902052e-02 5.143915645483043697e-02 7.245654032487891527e-02 4.174978626389286296e-02 2.728697634653747678e-02 6.105728127671701533e-02 1.724137931034482735e-02 1.004559703619264943e-02 2.137361071530348433e-03 9.333143345682529818e-03 2.864063835850666484e-02 5.571387859789114078e-02 3.526645768025080119e-02 6.127101738387007168e-03 2.878312909660872554e-02 2.229980051296665683e-02 2.764320319179253138e-02 9.333143345682529818e-03 2.799943003704759292e-02 3.555143915645483238e-02 1.795383300085494349e-02 3.562268452550587661e-03 2.158734682245654068e-02 2.158734682245654068e-02 4.602450840695354595e-02 6.483328583642061771e-03
4.445711028783128071e-02 3.605015673981193380e-02 2.671701339412940746e-02 8.079224850384725265e-02 5.649757765745225258e-02 3.662011969222001007e-02 5.478768880022799603e-02 1.047306925049873438e-02 2.571957822741521849e-02 7.765745226560273606e-02 0.000000000000000000e+00 5.022798518096327491e-02 8.976916500427534196e-03 9.618124821886508968e-03 4.053861499002564539e-02 1.162011969222000451e-01 3.398404103733254633e-02 2.094613850099746877e-02 6.404958677685951285e-02 1.574522656027357859e-02 2.044742091764034653e-02 5.314904531205472127e-02 2.465089769165007549e-02 7.395269307495011546e-02 4.488458250213736567e-02 7.794243374180678807e-02 3.277286976346535652e-03 5.058421202621829482e-03 4.766315189512682071e-02 1.353662011969208878e-03 1.622969506982046006e-01 1.005272157309774761e-01 1.261043032202907588e-02 3.013679110857794829e-02 1.111427757195782018e-02 1.040182388144770403e-02 3.084924479908804362e-02 6.176973496722712453e-02 7.039042462239954168e-02 1.759760615559988542e-02 1.360786548874323709e-02 4.630948988315759796e-02 7.124536905101161444e-04 1.781134226275293830e-03 1.617269877457965313e-02 3.562268452550580722e-04 2.372470789398689259e-02 7.552009119407239457e-03 5.165289256198346557e-02 1.424907381020232289e-03 5.022798518096321940e-02 2.799943003704759292e-02 2.543459675121115260e-02 5.421772584781989202e-02 3.704759190652608114e-02 1.781134226275293830e-03 3.419777714448560269e-02 1.147050441721288172e-02 2.992305500142489194e-02 2.657452265602736063e-02 4.224850384724998520e-02 8.129096608720434713e-02 3.362781419207749867e-02 7.623254488458269806e-03 8.763180393274450086e-03 1.859504132231404316e-02 1.831005984611000503e-02 2.586206896551724102e-02 1.831005984611000503e-02 1.795383300085494349e-02 8.257338273012254648e-02 8.221715588486747106e-02 2.500712453690506765e-02 5.920490168139069809e-02 3.939868908520943735e-02 2.899686520376176802e-02 3.833000854944429436e-02 5.493017953833001510e-02 1.610145340552862625e-02 3.669136506127101960e-02 3.548019378740382979e-02 1.731262467939584382e-02 5.550014249073803585e-02 3.369905956112850820e-02 2.279851809632371662e-02 1.788258763180392008e-02 2.956682815616984428e-02 3.597891137076089652e-02 9.639498432601883993e-02 2.080364776289540807e-02 1.367911085779424663e-02 5.022798518096321940e-02 1.182673126246794326e-02 6.476204046736963593e-02 1.902251353662012118e-02 2.799943003704759292e-02 1.424907381020232289e-03 1.510401823881447891e-02 5.208036477628954358e-02 1.510401823881447891e-02 1.937874038187517578e-02 1.360786548874323709e-02 7.195782274152181385e-03 2.693074950128241524e-02 1.937874038187517578e-02 1.510401823881447891e-02 1.474779139355941737e-02 1.439156454830436277e-02 5.314904531205472127e-02 9.625249358791679311e-02 3.270162439441436086e-02 6.839555428897123313e-03 1.367911085779424663e-02 5.699629524080929155e-03 5.528640638358506276e-02 6.141350812197207687e-02
2.921060131091479661e-02 4.830436021658590651e-02 4.274722143060696866e-03 1.029495582787118835e-01 2.942433741806782521e-02 1.360786548874323709e-02 9.425762325448844292e-02 2.849814762040381311e-04 7.124536905101169770e-02 9.539754915930470647e-02 5.022798518096327491e-02 0.000000000000000000e+00 7.715873468224565546e-02 3.448275862068961306e-02 1.638643488173274765e-03 1.274579652322598289e-01 2.778569392989427289e-03 8.100598461100022574e-02 3.626389284696494852e-02 1.332288401253918508e-02 1.040182388144770403e-02 4.381590196637218798e-02 5.421772584781989202e-02 1.098603590766600302e-01 1.617269877457965313e-02 1.937874038187517578e-02 5.243659162154459819e-02 5.314904531205472127e-02 1.068680535765175743e-01 3.505272157309780034e-02 4.267597606155598688e-02 1.303790253633513307e-02 5.343402678825881491e-03 2.422342547734435136e-03 3.234539754915930626e-02 2.849814762040464577e-03 5.058421202621829482e-03 4.274722143060696866e-03 2.443716158449700873e-02 4.096608720433171646e-02 1.182673126246794326e-02 3.263037902536333745e-02 1.581647192932459506e-02 2.372470789398689259e-02 4.025363351382160726e-02 2.336848104873183452e-02 4.923055001424907207e-02 3.305785123966942241e-02 4.630948988315758408e-03 2.194357366771160223e-02 4.737817041892275483e-02 1.802507836990596690e-02 2.735822171558849325e-02 3.918495297805642957e-02 2.336848104873183452e-02 3.234539754915930626e-02 1.902251353662012118e-02 3.483898546594471624e-02 2.151610145340553115e-02 1.781134226275293830e-03 8.050726702764354759e-03 8.934169278996861863e-02 9.098033627814189339e-02 3.533770304930178296e-02 2.992305500142511399e-03 5.614135081219717716e-02 8.976916500427471746e-03 1.866628669136505964e-02 3.562268452550580722e-04 1.759760615559988542e-02 5.457395269307495356e-02 1.709888857224284298e-03 6.910800797948135621e-02 4.695069820461672538e-02 2.828441151325167269e-02 2.678825876318041699e-02 7.231404958677684069e-02 6.412083214590857949e-04 3.989740666856658735e-03 4.630948988315759796e-02 5.393274437161585388e-02 3.562268452550584885e-02 6.055856369335976819e-03 3.968367056141353100e-02 7.267027643203194387e-03 1.194784838985465947e-01 2.978056426332288675e-02 9.981476204046735301e-02 1.218295810772299093e-02 6.746936449130805369e-02 3.989740666856658735e-03 4.060986035907666186e-02 4.117982331148478670e-02 3.954117982331148418e-02 1.068680535765174217e-03 4.702194357366767941e-03 3.305785123966942241e-02 7.195782274152181385e-03 7.124536905101161444e-04 3.270162439441436086e-02 4.068110572812766446e-02 3.198917070390425166e-02 4.702194357366767941e-03 2.443716158449700873e-02 1.068680535765174217e-03 7.908235964662297529e-03 6.127101738387007168e-03 2.336848104873183452e-02 2.408093473924195066e-02 1.866628669136505964e-02 1.652892561983471120e-02 3.270162439441436086e-02 5.607010544314619538e-02 4.673696209746366903e-02 2.985180963237389629e-02 2.265602735822171837e-02
1.129951553149045052e-01 7.979481333713317470e-03 4.616699914505562052e-02 7.003419777714448013e-02 3.462524935879168764e-02 5.058421202621829482e-03 7.836990595611381671e-03 5.015673981191220987e-02 1.318039327443720765e-02 3.134796238244511035e-02 8.976916500427534196e-03 7.715873468224565546e-02 0.000000000000000000e+00 3.697634653747505773e-02 6.604445711028783528e-02 4.801937874038186838e-02 1.275292106013109494e-02 7.231404958677684069e-02 7.466514676546023854e-02 1.218295810772299093e-02 5.314904531205472127e-02 4.488458250213736567e-02 1.030208036477628653e-01 5.457395269307495356e-02 7.039042462239954168e-02 4.381590196637218798e-02 2.009119407238529886e-02 5.386149900256483047e-02 7.245654032487891527e-02 1.090054146480479158e-02 1.008834425762325515e-01 1.159874608150470165e-01 6.219720718153320949e-02 8.485323453975493480e-02 2.693074950128241524e-02 3.662011969222001007e-02 4.424337418067825212e-02 5.386149900256483047e-02 1.075805072670276558e-02 1.831005984611000503e-02 3.633513821601595806e-02 1.225420347677401434e-02 2.657452265602736063e-02 1.040182388144770403e-02 4.452835565688230413e-02 5.208036477628954358e-02 7.908235964662297529e-03 1.068680535765174217e-03 2.058991165574236559e-02 1.111427757195782018e-02 8.328583642063264181e-02 1.048731832430891964e-01 9.974351667141612143e-04 6.483328583642061771e-03 2.628954117982332250e-02 7.195782274152181385e-03 4.744941578797378517e-02 1.004559703619264943e-02 4.003989740666857866e-02 1.937874038187517578e-02 8.577942433741803097e-02 3.754630948988318950e-02 4.075235109717867399e-02 1.229695069820461728e-01 3.569392989455683063e-02 2.251353662011973400e-02 1.937874038187517578e-02 1.759760615559988542e-02 7.195782274152181385e-03 1.581647192932459506e-02 1.087916785408948317e-01 8.186092903961242340e-02 6.989170703904246107e-02 3.369905956112850820e-02 4.467084639498430931e-02 6.404958677685951285e-02 2.308349957252778251e-02 3.989740666856658735e-03 2.294100883442576344e-02 2.151610145340553115e-02 4.424337418067825212e-02 7.836990595611285915e-02 5.272157309774863632e-02 9.404388714733535881e-03 2.735822171558849325e-02 1.111427757195782018e-02 5.849244799088057500e-02 3.626389284696494852e-02 7.480763750356228536e-02 4.630948988315758408e-03 3.633513821601597193e-03 4.089484183528069305e-02 4.559703619264747487e-02 6.476204046736963593e-02 2.728697634653747678e-02 3.206041607295526119e-03 7.552009119407239457e-03 1.004559703619264943e-02 1.004559703619264943e-02 7.195782274152181385e-03 1.367911085779424663e-02 5.037047591906526622e-02 5.642633228840125692e-02 3.163294385864919012e-02 6.839555428897123313e-03 1.546024508406953699e-02 1.367911085779424663e-02 2.301225420347677297e-02 6.483328583642061771e-03 1.902251353662012118e-02 9.689370190937587890e-03 1.004559703619264943e-02 3.092049016813907397e-02 3.918495297805642957e-02 2.906811057281276367e-02 2.799943003704759292e-02
