0.000000000000000000e+00 3.816083395383418342e-03 1.870811615785555881e-02 5.677587490692484473e-03 3.629932985852568628e-03 2.289650037230082230e-02 3.015636634400598037e-02 1.330975428145941830e-02 5.500744601638121734e-02 4.467609828741628264e-03 1.293745346239760785e-02 6.887565152643382316e-03 9.391288160833954901e-02 5.789277736411019282e-02 4.467609828741619937e-02 7.194713328369320426e-02 5.063291139240511107e-02 3.155249441548768630e-02 1.703276247207741179e-02 5.268056589724495753e-02 5.389054355919582762e-02 1.042442293373045323e-02 3.602010424422932844e-02 5.081906180193596773e-02 1.247207743857036560e-02 2.531645569620253125e-02 3.099404318689502613e-02 3.322784810126583332e-02 1.498510796723756533e-02 5.845122859270290849e-02 3.909158600148926466e-03 1.796351451973194485e-02 3.946388682055096409e-02 9.121370067014133998e-03 9.586746090841400531e-03 1.591586001489203248e-02 5.835815338793744200e-02 3.257632166790765116e-03 4.979523454951600980e-02 2.122114668652270997e-02 1.535740878629932027e-02 5.333209233060312582e-02 1.396128071481747557e-03 1.675353685778105395e-03 1.489203276247207802e-02 2.410647803425167851e-02 4.932985852568877450e-03 2.392032762472078022e-02 4.542069992553982027e-02 4.932985852568877450e-03 4.653760238272630634e-04 5.956813104988842311e-03 1.600893521965746080e-02 3.006329113924050001e-02 2.680565897244974183e-02 6.980640357408779417e-03 7.632166790766947706e-03 3.918466120625463400e-02 6.347728965003729407e-02 1.340282948622487091e-02 5.091213700670138564e-02 2.150037230081908168e-02 1.396128071481761435e-03 9.940431868950111438e-02 1.399851079672375376e-01 2.364110201042443626e-02 1.200670141474312336e-02 8.376768428890544321e-03 3.983618763961283005e-02 3.974311243484734968e-02 5.510052122114668383e-02 3.490320178704392484e-02 1.177401340282948627e-01 1.731198808637379738e-02 8.097542814594194116e-02 5.770662695457928759e-02 8.851451973194343625e-02 3.211094564408041585e-02 4.914370811615784151e-02 3.732315711094563726e-02 2.112807148175727123e-02 2.829486224869695588e-02 5.137751303052867646e-02 1.142032762472077606e-01 5.379746835443038888e-02 8.749069247952337425e-03 2.978406552494428094e-03 6.254653760238274018e-02 2.196574832464631699e-02 4.607222635889798856e-02 6.701414743112435457e-02 1.444527177959791520e-01 1.489203276247207802e-02 4.002233804914379078e-03 5.454206999255398203e-02 1.247207743857036560e-02 1.284437825763216218e-02 1.489203276247207802e-02 6.580416976917349836e-02 4.625837676842889379e-02 1.759121370067014134e-02 4.849218168279967323e-02 2.494415487714073121e-02 1.526433358153386766e-02 4.467609828741628264e-03 6.924795234549516176e-02 4.067386448250186193e-02 3.844005956813105473e-02 2.550260610573342607e-02 1.759121370067014134e-02 1.796351451973194485e-02 5.435591958302307680e-02 8.190618019359642565e-03 1.861504095309010620e-02 1.451973194341027451e-02 4.188384214445271814e-02
3.816083395383418342e-03 0.000000000000000000e+00 1.451973194341027451e-02 2.401340282948624671e-02 7.539091586001488154e-03 3.918466120625465482e-02 5.537974683544304166e-02 2.419955323901712418e-02 6.701414743112435457e-03 7.446016381235931458e-04 3.322784810126583332e-02 8.376768428890546403e-02 2.010424422933732025e-02 1.675353685778113721e-02 1.638123603871928513e-02 2.829486224869698363e-02 2.941176470588235947e-02 2.550260610573351627e-02 4.160461653015634642e-02 1.442665673864484965e-02 4.095309009679821283e-03 4.095309009679821283e-03 8.376768428890544321e-03 3.145941921072226838e-02 8.376768428890544321e-03 6.329113924050632813e-03 2.922561429635145425e-02 2.615413253909158395e-02 3.071481757259864054e-02 6.887565152643332356e-02 1.880119136262100102e-02 1.572970960536113419e-02 6.412881608339532358e-02 9.744973938942663727e-02 5.305286671630677492e-03 8.562918838421446077e-03 2.671258376768428922e-02 3.629932985852568628e-03 1.061057334326135498e-02 1.079672375279225327e-02 2.903946388682054902e-02 1.414743112434849182e-02 3.555472822040208619e-02 2.885331347728961604e-03 5.389054355919582762e-02 3.918466120625465482e-02 5.835815338793744200e-02 1.247207743857036560e-02 7.101638123603871977e-02 4.914370811615784151e-02 1.079672375279225327e-02 7.809009679821296568e-02 8.469843633655993465e-03 1.414743112434849182e-02 2.876023827252420506e-02 1.861504095309010620e-02 6.692107222635879094e-02 7.632166790766947706e-03 6.887565152643382316e-03 1.317014147431123661e-01 8.293000744601636276e-02 1.208116157855547712e-01 8.004467609828747054e-02 5.770662695457928759e-02 6.375651526433358252e-02 1.768428890543560783e-02 2.364110201042443626e-02 3.257632166790765116e-03 8.144080416976917647e-02 1.935964259121369935e-02 8.562918838421446077e-03 9.586746090841400531e-03 9.307520476544983712e-04 3.136634400595680883e-02 2.708488458674607191e-02 2.792256142963578380e-04 2.764333581533878759e-02 2.587490692479524346e-02 8.283693224125088239e-03 1.461280714817572712e-02 3.229709605361130720e-02 6.478034251675351962e-02 1.312360387192851308e-02 1.116902457185375841e-03 5.202903946388680312e-02 1.545048399106477288e-02 6.068503350707371569e-02 1.963886820551004331e-02 1.023827252419955147e-02 5.603127326880119607e-02 6.785182427401341421e-02 5.984735666418466299e-02 6.803797468354430555e-02 2.615413253909158395e-02 1.982501861504094853e-02 2.038346984363365033e-02 3.387937453462398080e-02 1.861504095309010620e-03 1.154132539091587417e-02 1.321667907669396569e-02 8.237155621742367484e-02 4.579300074460164460e-02 9.307520476545066979e-03 6.980640357408779417e-03 1.396128071481747557e-03 2.224497393894266442e-02 3.620625465376026142e-02 9.214445271779600488e-03 1.284437825763216218e-02 1.247207743857036560e-02 9.400595681310500509e-03 6.580416976917349836e-02 3.341399851079671079e-02 6.152271034996277532e-02 1.023827252419955147e-02 3.387937453462398080e-02
1.870811615785555881e-02 1.451973194341027451e-02 0.000000000000000000e+00 3.750930752047654249e-02 2.782948622486969281e-02 7.529784065524947057e-02 1.898734177215188890e-02 6.543186895011177118e-02 6.049888309754281046e-03 2.792256142963522869e-03 1.107594936708861111e-02 1.526433358153386766e-02 5.119136262099754919e-03 9.502978406552495261e-02 8.190618019359663382e-03 4.663067758749067648e-02 5.305286671630677492e-03 7.352941176470588133e-03 3.118019359642598687e-02 6.561801935964259314e-02 8.711839166046164706e-02 7.101638123603871977e-02 1.107594936708855560e-02 7.120253164556966663e-02 1.591586001489198043e-02 2.699180938198064705e-02 4.579300074460163072e-02 1.414743112434846406e-02 3.983618763961280229e-02 4.514147431124348325e-02 7.408786299329861436e-02 8.907297096053612417e-02 6.496649292628442485e-02 1.209977661950856209e-02 2.438570364854802941e-02 4.932985852568877450e-02 3.071481757259866829e-03 3.257632166790765116e-03 1.228592702903946732e-02 1.591586001489203248e-02 2.531645569620253125e-02 2.224497393894266442e-02 3.434475055845122304e-02 1.833581533879374836e-02 8.172002978406553431e-02 7.846239761727476225e-02 1.675353685778108864e-02 3.555472822040208619e-02 2.140729709605382336e-03 1.349590469099031659e-02 4.551377513030530064e-02 3.965003723008189707e-02 1.963886820551004331e-02 3.080789277736410703e-02 1.740506329113923611e-02 5.119136262099775736e-03 2.233804914370814132e-03 1.572970960536113419e-02 1.973194341027550980e-02 8.069620253164556944e-02 1.517125837676841504e-02 6.496649292628442485e-02 6.142963514519733659e-03 4.281459419210723039e-03 5.770662695457928759e-02 1.703276247207746730e-02 1.135517498138499670e-02 5.333209233060309806e-02 2.084884586746090646e-02 6.375651526433358252e-02 6.915487714072970915e-02 2.364110201042443626e-02 3.350707371556217729e-02 6.654877140729709151e-02 1.405435591958302533e-02 5.640357408786299265e-02 5.491437081161579248e-03 3.304169769173491422e-02 8.376768428890544321e-03 1.023827252419955321e-03 0.000000000000000000e+00 7.352941176470588133e-03 5.928890543559195425e-02 6.515264333581530232e-03 3.425167535368578431e-02 1.712583767684289215e-02 2.540953090096798039e-02 1.303052866716306046e-02 1.628816083395379088e-02 1.991809381980641502e-02 5.119136262099777124e-02 8.479151154132541501e-02 3.481012658227849998e-02 1.033134772896500686e-01 9.772896500372302286e-03 4.718912881608339216e-02 7.725241995532386441e-03 2.122114668652270997e-02 3.043559195830231046e-02 6.142963514519733659e-03 1.963886820551004331e-02 1.116902457185375841e-03 4.476917349218167974e-02 3.816083395383473853e-03 2.885331347728961604e-03 2.699180938198063318e-02 2.801563663440059804e-02 3.006329113924050001e-02 1.759121370067014134e-02 1.917349218168280106e-02 5.975428145941918956e-02 2.857408786299329637e-02 1.759121370067014134e-02 2.494415487714073121e-02 1.433358153387936929e-02 1.861504095309010620e-03
5.677587490692484473e-03 2.401340282948624671e-02 3.750930752047654249e-02 0.000000000000000000e+00 9.056217423678331047e-02 5.761355174981386273e-02 3.918466120625468951e-02 4.039463886820560123e-02 2.606105733432617644e-02 8.376768428890457585e-03 1.675353685778105395e-03 4.579300074460163072e-02 1.433358153387936929e-02 6.338421444527178594e-02 5.072598659717053593e-02 3.443782576321663402e-03 5.305286671630677492e-03 2.513030528667163296e-02 3.778853313477292808e-02 4.560685033507094754e-03 3.341399851079671079e-02 4.625837676842889379e-02 9.307520476542485710e-05 8.376768428890457585e-04 1.749813849590470261e-02 2.271034996276999340e-02 5.482129560685031211e-02 3.248324646314226793e-02 7.352941176470588133e-03 2.047654504839910641e-03 8.190618019359646729e-02 8.060312732688013071e-02 1.982501861504094853e-02 5.426284437825762419e-02 1.071295606850335147e-01 3.667163067758749673e-02 9.400595681310500509e-03 1.917349218168280106e-02 1.759121370067014134e-02 7.110945644080417238e-02 5.119136262099775736e-03 5.230826507818316790e-02 2.885331347728961604e-03 3.406552494415487908e-02 3.350707371556217729e-02 2.513030528667165031e-03 9.586746090841400531e-03 2.857408786299329637e-02 1.554355919583023243e-02 2.820178704393149632e-02 8.953834698436335948e-02 4.467609828741628264e-03 1.861504095309010620e-03 1.963886820551004331e-02 4.700297840655248693e-02 4.086001489203276715e-02 1.777736411020104310e-02 2.326880119136262234e-02 1.451973194341027451e-02 4.393149664929263398e-02 1.814966492926284314e-02 1.740506329113923611e-02 6.515264333581530232e-03 9.400595681310500509e-03 1.276061057334325621e-01 1.935964259121369935e-02 1.656738644825019036e-02 5.119136262099777124e-02 2.494415487714073121e-02 2.168652271034995915e-02 3.760238272524200204e-02 8.386075949367088889e-02 8.376768428890544321e-03 5.491437081161579248e-03 3.816083395383468996e-02 3.937081161578555311e-02 3.183172002978406495e-02 6.589724497393895097e-02 4.411764705882353227e-02 1.023827252419955321e-03 1.023827252419955321e-03 0.000000000000000000e+00 3.667163067758749673e-02 3.583395383469842321e-02 8.283693224125088239e-03 4.672375279225610134e-02 3.499627699180934970e-02 5.863737900223381372e-02 6.040580789277738560e-02 2.755026061057330722e-02 1.703276247207743954e-02 2.997021593447504739e-02 3.834698436336558824e-02 6.301191362620997549e-02 1.712583767684289215e-02 2.717795979151153840e-02 2.513030528667163296e-02 7.166790766939684643e-03 3.043559195830231046e-02 1.572970960536113419e-02 7.809009679821296568e-02 2.773641102010424020e-02 5.416976917349218545e-02 1.814966492926284314e-02 1.507818317200297631e-02 2.066269545793000817e-02 7.539091586001489542e-02 5.026061057334326593e-02 8.376768428890526974e-04 5.491437081161579248e-03 1.098287416232315850e-02 3.257632166790765116e-03 2.140729709605361519e-02 9.772896500372302286e-03 3.006329113924050001e-02 1.861504095309010620e-02
3.629932985852568628e-03 7.539091586001488154e-03 2.782948622486969281e-02 9.056217423678331047e-02 0.000000000000000000e+00 1.768428890543627396e-03 3.816083395383418342e-03 2.345495160089350328e-02 2.978406552494416992e-02 6.031273268801196075e-02 1.545048399106477288e-02 1.963886820551004331e-02 1.619508562918836603e-02 5.789277736411022057e-02 3.201787043931492160e-02 5.286671630677586275e-02 1.591586001489203248e-02 1.675353685778108864e-02 1.600893521965746080e-02 4.058078927773642319e-02 7.390171258376765362e-02 5.807892777364109804e-02 8.897989575577064381e-02 8.609456440804169608e-02 4.365227103499624839e-02 4.002233804914379078e-03 1.749813849590464709e-02 1.130863737900223431e-01 6.515264333581405332e-04 1.759121370067014134e-02 5.873045420699923858e-02 4.895755770662696404e-02 3.257632166790765116e-03 4.467609828741621325e-02 5.202903946388680312e-02 1.172747580044675164e-02 2.755026061057334191e-02 1.209977661950856209e-03 3.602010424422932844e-02 5.435591958302307680e-02 1.833581533879374836e-02 3.741623231571108987e-02 2.187267311988086438e-02 3.983618763961280229e-02 1.619508562918839378e-02 7.911392405063277788e-03 3.248324646314221242e-02 4.188384214445271814e-02 1.377513030528668136e-02 3.108711839166046487e-02 7.092330603127325328e-02 4.476917349218167974e-02 4.262844378257632516e-02 8.674609084139985049e-02 1.098287416232315850e-02 5.556589724497394689e-02 2.429262844378257680e-02 2.233804914370814132e-03 7.259865971705137255e-03 2.661950856291883660e-02 8.665301563663441176e-02 7.380863737900220101e-02 2.419955323901712418e-03 1.182055100521221813e-02 4.672375279225610134e-02 2.745718540580788236e-02 5.826507818317200327e-02 8.283693224125088239e-03 4.653760238272524469e-02 4.690990320178703432e-02 5.342516753536857843e-02 3.816083395383473853e-03 1.963886820551004331e-02 1.610201042442292729e-02 7.166790766939684643e-03 4.579300074460164460e-02 4.086001489203276715e-02 8.376768428890526974e-04 3.881236038719285131e-02 2.410647803425167851e-02 1.247207743857036560e-02 2.233804914370814132e-03 3.052866716306773531e-02 1.189501116902457190e-01 1.814966492926284314e-02 8.562918838421446077e-03 9.865971705137754899e-03 3.741623231571108987e-02 4.746835443037999980e-03 4.355919583023085129e-02 2.215189873417722222e-02 2.764333581533878759e-02 2.522338049143704741e-02 1.489203276247186292e-03 3.760238272524200204e-02 8.190618019359642565e-03 1.144825018615041115e-02 1.209977661950856209e-03 1.182055100521221813e-02 2.019731943410275204e-02 2.596798212956068219e-02 1.545048399106477288e-02 4.169769173492181291e-02 3.750930752047654249e-02 4.169769173492181291e-02 2.782948622486969281e-02 1.005212211466864625e-02 1.935964259121369935e-02 1.396128071481747557e-03 1.880119136262100102e-02 2.345495160089351716e-02 2.773641102010424020e-02 3.741623231571108987e-02 1.759121370067014134e-02 9.214445271779600488e-03 1.228592702903946732e-02
2.289650037230082230e-02 3.918466120625465482e-02 7.529784065524947057e-02 5.761355174981386273e-02 1.768428890543627396e-03 0.000000000000000000e+00 2.029039463886819772e-02 1.386820551005213398e-02 6.841027550260608825e-02 6.608339538347052233e-03 1.554355919583023243e-02 9.959046909903207512e-03 6.980640357408779417e-03 2.056962025316455556e-02 8.795606850335069282e-02 1.880119136262092816e-02 1.898734177215189931e-02 4.281459419210723039e-03 5.677587490692484473e-03 1.833581533879374836e-02 1.023827252419950984e-02 1.954579300074466008e-02 4.430379746835444443e-02 5.584512285927711872e-04 7.464631422189127452e-02 9.307520476545039223e-03 3.629932985852568628e-03 3.629932985852568628e-02 2.531645569620253125e-02 6.142963514519733659e-03 6.115040953090095099e-02 6.422189128816085946e-02 1.144825018615041115e-02 2.243112434847356618e-02 4.095309009679823364e-02 2.513030528667192787e-03 8.190618019359642565e-03 6.515264333581405332e-04 8.525688756515265032e-02 3.155249441548768630e-02 3.332092330603127206e-02 8.134772896500372386e-02 3.536857781087118791e-02 2.680565897244974183e-02 1.842889054355920098e-02 3.052866716306776307e-02 2.392032762472078022e-02 3.229709605361130720e-02 5.826507818317200327e-02 2.997021593447504739e-02 9.242367833209230721e-02 4.681682799702159559e-02 1.433358153387936929e-02 1.405435591958302533e-02 2.587490692479524346e-02 2.801563663440059804e-02 2.019731943410275204e-02 1.079672375279225327e-02 2.382725241995531373e-02 1.582278481012666660e-03 1.126209977661951633e-02 4.746835443037972224e-03 5.305286671630677492e-03 1.898734177215189931e-02 2.150037230081908168e-02 4.718912881608339216e-02 2.606105733432617644e-03 2.047654504839907519e-02 7.408786299329857272e-02 4.281459419210723039e-02 1.768428890543544130e-03 3.341399851079671079e-02 2.308265078183172059e-02 1.814966492926284314e-02 5.119136262099775736e-03 2.066269545793000817e-02 1.489203276247207802e-02 8.376768428890526974e-04 1.489203276247207802e-02 1.880119136262100102e-02 1.061057334326135498e-02 2.047654504839910641e-03 5.398361876396126635e-02 1.749813849590467485e-02 1.219285182427401470e-02 5.752047654504841012e-02 5.212211466865235288e-03 3.155249441548771405e-02 3.145941921072226144e-02 5.119136262099777124e-02 5.119136262099777124e-02 1.028481012658227778e-01 4.681682799702158171e-02 1.293745346239761618e-01 1.842889054355920098e-02 2.876023827252420506e-02 1.963886820551004331e-02 8.749069247952337425e-03 1.349590469099031659e-02 2.550260610573342607e-02 6.515264333581405332e-04 1.405435591958302533e-02 3.844005956813105473e-02 3.322784810126583332e-02 3.536857781087116015e-03 1.442665673864482190e-02 3.406552494415487908e-02 4.653760238272630634e-04 7.734549516008935865e-02 2.187267311988086438e-02 2.382725241995531373e-02 1.023827252419955147e-02 1.424050632911391667e-02 2.419955323901712418e-03 9.028294862248695263e-03 2.680565897244974183e-02
3.015636634400598037e-02 5.537974683544304166e-02 1.898734177215188890e-02 3.918466120625468951e-02 3.816083395383418342e-03 2.029039463886819772e-02 0.000000000000000000e+00 1.842889054355911771e-02 5.444899478778852941e-02 1.092702903946389248e-01 3.043559195830231046e-02 8.767684288905436274e-02 2.131422189128817646e-02 6.533879374534629081e-02 5.537974683544305554e-02 5.686895011169026959e-02 4.858525688756515359e-02 3.453090096798212827e-02 5.063291139240505556e-02 3.704393149664927942e-02 4.467609828741621325e-02 2.885331347728961604e-03 8.516381236038716995e-02 1.833581533879374836e-02 6.440804169769173693e-02 7.725241995532386441e-03 2.513030528667165031e-03 2.419955323901712418e-03 9.037602382725240524e-02 1.098287416232315850e-02 3.024944154877140523e-02 6.357036485480271892e-02 4.253536857781087255e-02 5.668279970215933661e-02 6.478034251675354738e-02 3.350707371556210790e-03 3.164556962025316666e-02 3.062174236783320874e-02 1.777736411020104310e-02 1.061057334326135498e-02 2.122114668652270997e-02 3.062174236783320874e-02 3.350707371556217729e-02 2.513030528667163296e-02 6.049888309754282434e-02 7.539091586001489542e-02 2.308265078183172059e-02 1.023827252419955321e-03 6.338421444527178594e-02 6.515264333581405332e-04 1.066641846612062516e-01 2.922561429635145425e-02 2.447877885331348202e-02 5.286671630677586969e-02 3.080789277736410703e-02 1.265822784810126563e-02 3.257632166790765116e-03 1.470588235294117627e-02 3.909158600148920915e-02 6.291883842144453676e-02 2.447877885331339876e-02 4.188384214445284304e-03 4.811988086373789053e-02 1.610201042442292729e-02 2.727103499627692162e-02 1.099218168279970653e-01 5.500744601638121734e-02 6.031273268801190524e-02 2.410647803425167851e-02 2.084884586746090646e-02 1.324460163812360425e-01 9.735666418466119854e-02 6.384959046909902125e-02 6.999255398361876879e-02 9.121370067014147875e-02 4.281459419210723039e-02 6.161578555472821406e-02 9.735666418466119854e-02 2.047654504839910641e-03 8.376768428890544321e-03 3.257632166790765116e-03 1.675353685778108864e-02 4.234921816827996732e-02 7.529784065524944281e-02 5.677587490692484473e-03 2.959791511541325429e-02 8.935219657483256528e-03 5.184288905435591871e-02 2.699180938198064705e-02 2.792256142963495114e-03 1.030342516753536830e-01 7.418093819806403921e-02 8.767684288905436274e-02 7.473938942665669938e-02 1.209977661950856209e-03 2.885331347728961604e-03 2.308265078183172059e-02 1.042442293373045323e-02 2.429262844378257680e-02 1.861504095308982865e-04 1.116902457185406372e-02 1.647431124348475162e-02 2.987714072970962254e-02 1.740506329113923611e-02 3.555472822040208619e-02 2.922561429635145425e-02 2.494415487714073121e-02 1.126209977661951633e-02 9.772896500372302286e-03 2.652643335815339093e-02 1.144825018615041115e-02 4.756142963514518873e-02 6.245346239761727369e-02 4.141846612062546895e-02 3.611317944899479493e-02 1.759121370067014134e-02
1.330975428145941830e-02 2.419955323901712418e-02 6.543186895011177118e-02 4.039463886820560123e-02 2.345495160089350328e-02 1.386820551005213398e-02 1.842889054355911771e-02 0.000000000000000000e+00 5.063291139240511107e-02 6.561801935964250987e-02 1.005212211466864625e-02 7.259865971705137255e-02 8.488458674609083987e-02 8.870067014147431372e-02 3.313477289650038071e-02 2.345495160089350328e-02 1.572970960536113419e-02 3.350707371556217729e-02 3.211094564408041585e-02 4.476917349218167974e-02 1.610201042442292729e-02 7.725241995532386441e-03 7.194713328369320426e-02 7.920699925539836928e-02 5.212211466865226961e-02 1.064780342516753464e-01 5.435591958302307680e-02 6.068503350707371569e-02 7.539091586001488154e-03 3.853313477289649347e-02 9.493670886075944448e-03 3.080789277736412091e-02 2.922561429635145425e-02 6.952717795979149185e-02 2.876023827252420506e-02 3.704393149664930718e-02 9.400595681310500509e-03 2.233804914370814132e-03 2.615413253909158395e-02 2.820178704393149632e-02 2.959791511541325429e-02 2.550260610573342607e-02 3.248324646314221242e-02 2.308265078183172059e-02 4.802680565897245180e-02 8.116157855547281863e-02 2.047654504839910641e-03 1.023827252419955321e-03 1.209977661950856209e-02 3.723008190618021240e-03 8.479151154132540114e-02 2.513030528667165031e-03 4.020848845867460580e-02 1.386820551005212010e-02 2.615413253909158395e-02 1.572970960536113419e-02 8.376768428890544321e-03 1.572970960536113419e-02 7.008562918838422140e-02 3.806775874906923041e-02 4.337304542069991831e-02 7.408786299329861436e-02 4.141846612062546895e-02 2.773641102010424020e-02 7.371556217423680391e-02 6.068503350707377120e-02 6.906180193596425654e-02 2.015078183172003268e-01 1.572970960536113419e-02 5.984735666418466299e-02 4.374534623976172876e-02 4.281459419210723039e-02 8.376768428890526974e-04 1.120625465376023783e-01 6.245346239761727369e-02 3.220402084884585459e-02 4.979523454951600980e-02 1.038719285182427288e-01 1.777736411020104310e-02 7.352941176470588133e-03 1.693968726731199040e-02 5.305286671630677492e-03 3.657855547282204411e-02 3.443782576321666178e-02 5.658972449739389787e-02 2.606105733432617644e-03 2.717795979151153840e-02 1.554355919583023243e-02 9.307520476548036825e-05 7.446016381236042481e-03 5.500744601638124509e-02 3.322784810126583332e-02 8.078927773641098042e-02 6.422189128816091497e-03 3.257632166790765116e-03 8.749069247952337425e-03 1.572970960536113419e-02 7.539091586001488154e-03 1.163440059568131117e-02 2.429262844378257680e-02 1.005212211466866012e-02 5.770662695457923208e-03 2.131422189128817646e-02 4.597915115413253595e-02 5.212211466865226961e-02 1.228592702903946732e-02 2.373417721518987500e-02 1.861504095309010620e-02 1.079672375279225327e-02 5.119136262099775736e-03 1.777736411020104310e-02 3.490320178704392484e-02 4.374534623976172876e-02 7.725241995532386441e-03 4.244229337304541994e-02 4.467609828741628264e-03
5.500744601638121734e-02 6.701414743112435457e-03 6.049888309754281046e-03 2.606105733432617644e-02 2.978406552494416992e-02 6.841027550260608825e-02 5.444899478778852941e-02 5.063291139240511107e-02 0.000000000000000000e+00 1.731198808637379738e-02 4.151154132539092156e-02 1.889426656738646404e-02 2.419955323901712418e-03 1.228592702903946732e-02 7.818317200297908443e-03 1.014519731943408498e-02 5.119136262099775736e-03 4.086001489203276715e-02 4.197691734921818463e-02 1.079672375279225327e-02 4.439687267311986929e-02 5.091213700670144116e-02 7.920699925539836928e-02 2.075577066269546078e-02 1.712583767684289215e-02 2.950483991064778433e-02 1.675353685778147028e-03 3.788160833953832518e-02 5.863737900223375821e-03 4.467609828741628264e-03 7.483246463142217975e-02 2.792256142963514542e-02 3.248324646314221242e-02 1.861504095309010620e-03 3.946388682055100572e-02 6.729337304542068465e-02 1.451973194341027451e-02 3.257632166790765116e-03 9.028294862248695263e-03 2.755026061057334191e-02 1.638123603871928513e-02 2.596798212956068219e-02 2.820178704393149632e-02 1.982501861504094853e-02 3.211094564408041585e-02 1.638123603871928513e-02 4.095309009679821283e-03 1.982501861504094853e-02 2.540953090096798039e-02 3.313477289650038071e-02 1.824274013402829575e-02 5.742740134028295751e-02 4.998138495904691503e-02 1.861504095309010620e-02 2.494415487714073121e-02 1.777736411020104310e-02 3.257632166790765116e-03 1.061057334326135498e-02 2.540953090096798039e-02 6.887565152643326805e-03 1.186708860759493889e-01 1.256515264333579740e-02 2.959791511541325429e-02 4.551377513030527983e-02 7.306403574087860786e-02 1.072226358897989673e-01 4.169769173492181291e-02 6.561801935964259314e-02 6.515264333581530232e-03 2.699180938198056379e-03 2.252419955323903267e-02 3.862620997766194608e-02 1.396128071481747557e-03 1.182055100521221813e-02 4.467609828741628264e-03 3.415860014892033170e-02 4.923678332092330800e-02 3.387937453462398080e-02 1.880119136262100102e-02 1.675353685778108864e-02 3.778853313477290032e-02 4.616530156366344118e-02 5.789277736411022057e-02 5.193596425912136438e-02 7.911392405063277788e-03 4.095309009679821283e-03 1.852196574832465359e-02 1.554355919583023243e-02 5.044676098287420585e-02 2.075577066269546078e-02 6.952717795979149185e-02 2.792256142963522869e-03 3.955696202531644445e-02 5.863737900223381372e-02 9.772896500372302286e-03 4.551377513030527983e-02 3.881236038719285131e-02 4.281459419210723039e-03 2.019731943410275204e-02 1.861504095308982865e-04 9.726358897989574592e-02 5.026061057334330062e-03 1.005212211466864625e-02 2.066269545793000817e-02 2.494415487714073121e-02 1.228592702903946732e-02 2.066269545793000817e-02 2.243112434847356618e-02 4.495532390171257803e-02 1.349590469099031659e-02 1.814966492926284314e-02 2.550260610573342607e-02 5.510052122114668383e-02 5.640357408786299265e-02 5.314594192107223447e-02 2.447877885331348202e-02
4.467609828741628264e-03 7.446016381235931458e-04 2.792256142963522869e-03 8.376768428890457585e-03 6.031273268801196075e-02 6.608339538347052233e-03 1.092702903946389248e-01 6.561801935964250987e-02 1.731198808637379738e-02 0.000000000000000000e+00 3.620625465376026142e-02 1.166232315711094869e-01 9.307520476545039223e-03 1.490134028294862745e-01 1.126209977661951633e-02 8.032390171258374512e-02 5.351824274013403104e-02 1.554355919583023243e-02 1.182055100521221813e-02 1.759121370067014134e-02 3.341399851079671079e-02 1.489203276247214047e-03 4.765450483991062747e-02 1.596239761727475948e-01 6.701414743112421579e-03 7.892777364110201144e-02 8.097542814594183014e-03 3.350707371556210790e-03 3.406552494415487908e-02 3.853313477289649347e-02 5.314594192107223447e-02 4.839910647803424837e-03 1.796351451973194485e-02 7.204020848845867075e-02 1.405435591958302533e-02 4.421072226358896406e-02 1.982501861504094853e-02 6.142963514519733659e-03 6.515264333581530232e-03 3.443782576321663402e-03 2.717795979151153840e-02 5.640357408786299265e-02 2.084884586746090646e-02 3.453090096798212827e-02 3.629932985852568628e-03 4.076693968726730066e-02 1.209977661950856209e-03 1.982501861504094853e-02 4.253536857781087255e-02 2.913253909158600163e-02 3.965003723008189707e-02 3.415860014892033170e-02 2.903946388682054902e-02 2.978406552494415604e-02 2.885331347728961604e-03 1.777736411020104310e-02 2.513030528667163296e-02 3.778853313477290032e-02 7.911392405063291666e-02 2.233804914370809969e-02 8.469843633655993465e-03 3.164556962025311115e-02 3.918466120625465482e-02 2.392032762472078022e-02 2.922561429635145425e-02 2.829486224869692812e-02 3.080789277736410703e-02 4.458302308265080227e-02 1.144825018615041115e-02 2.419955323901712418e-03 1.852196574832465359e-02 4.365227103499627614e-02 1.349590469099031659e-02 2.568875651526432435e-02 2.699180938198063318e-02 5.770662695457923208e-03 9.772896500372302286e-03 6.245346239761727369e-02 2.233804914370814132e-03 6.329113924050632813e-03 3.071481757259866829e-03 3.350707371556217729e-02 2.894638868205509641e-02 6.217423678332090198e-02 2.820178704393149632e-02 1.656738644825019036e-02 3.611317944899479493e-02 5.333209233060312582e-02 6.561801935964262089e-02 4.216306775874903434e-02 7.725241995532389216e-02 3.667163067758749673e-02 9.102755026061060128e-02 3.481012658227849998e-02 3.862620997766194608e-02 8.749069247952337425e-03 2.410647803425167851e-02 1.880119136262100102e-02 5.491437081161579248e-03 2.755026061057334191e-02 3.164556962025333320e-03 5.519359642591215032e-02 6.608339538346996722e-03 4.495532390171257803e-02 2.066269545793000817e-02 1.405435591958302533e-02 3.844005956813105473e-02 3.443782576321663402e-03 7.725241995532386441e-03 7.660089352196573775e-02 1.982501861504094853e-02 2.596798212956068219e-02 5.770662695457923208e-03 4.467609828741628264e-03 5.537974683544304166e-02 8.376768428890526974e-04
1.293745346239760785e-02 3.322784810126583332e-02 1.107594936708861111e-02 1.675353685778105395e-03 1.545048399106477288e-02 1.554355919583023243e-02 3.043559195830231046e-02 1.005212211466864625e-02 4.151154132539092156e-02 3.620625465376026142e-02 0.000000000000000000e+00 5.603127326880119607e-02 5.119136262099810430e-03 1.293745346239760785e-02 4.849218168279967323e-02 9.009679821295601965e-02 6.189501116902462741e-02 1.703276247207746730e-02 6.236038719285180720e-02 3.536857781087116015e-03 1.861504095309010620e-03 6.142963514519733659e-03 4.151154132539092156e-02 4.914370811615784151e-02 3.332092330603127206e-02 1.917349218168280106e-02 4.467609828741621325e-02 3.629932985852568628e-02 2.271034996276999340e-02 2.177959791511541177e-02 1.237900223380489217e-02 3.546165301563664052e-02 6.989947877885333005e-02 3.192479523454952450e-02 3.611317944899479493e-02 1.861504095309010620e-02 4.932985852568877450e-03 2.289650037230082230e-02 3.657855547282204411e-02 2.717795979151153840e-02 6.701414743112435457e-03 3.127326880119137009e-02 2.773641102010424020e-02 1.098287416232315850e-02 3.657855547282204411e-02 2.513030528667163296e-02 2.755026061057334191e-02 1.759121370067014134e-02 1.640915860014892091e-01 2.084884586746090646e-02 3.909158600148920915e-02 2.922561429635145425e-02 2.354802680565898365e-02 2.885331347728961604e-03 2.280342516753536275e-02 7.166790766939684643e-03 4.132539091586001634e-02 2.168652271034995915e-02 2.140729709605354580e-03 1.917349218168280106e-02 9.772896500372274531e-03 2.745718540580793787e-02 1.517125837676841504e-02 2.522338049143704741e-02 5.779970215934476796e-02 1.768428890543571885e-03 2.122114668652270997e-02 3.257632166790765116e-03 7.762472077438570262e-02 5.556589724497394689e-02 2.047654504839910294e-02 4.244229337304541994e-02 2.438570364854802941e-02 3.527550260610573529e-02 2.010424422933732025e-02 4.849218168279970098e-02 3.378629932985854900e-02 2.773641102010424020e-02 1.116902457185406372e-02 2.578183172002979084e-02 6.608339538346996722e-03 8.097542814594183014e-03 1.777736411020103269e-02 1.824274013402829575e-02 4.960908413998510458e-02 6.710722263588977943e-02 3.164556962025305564e-03 4.895755770662696404e-02 2.150037230081908168e-02 4.839910647803424837e-03 3.229709605361130720e-02 2.354802680565898365e-02 5.202903946388680312e-02 6.645569620253166665e-02 1.861504095308982865e-04 7.166790766939684643e-03 6.515264333581530232e-03 2.019731943410275204e-02 1.982501861504094853e-02 4.123231571109456373e-02 6.068503350707371569e-02 8.097542814594183014e-03 7.166790766939684643e-03 6.515264333581530232e-03 1.489203276247207802e-02 1.861504095308982865e-04 1.880119136262100102e-02 1.182055100521221813e-02 1.861504095309010620e-03 3.229709605361130720e-02 3.350707371556217729e-02 3.387937453462398080e-02 2.447877885331348202e-02 7.408786299329857272e-02 3.909158600148926466e-03 2.019731943410275204e-02
6.887565152643382316e-03 8.376768428890546403e-02 1.526433358153386766e-02 4.579300074460163072e-02 1.963886820551004331e-02 9.959046909903207512e-03 8.767684288905436274e-02 7.259865971705137255e-02 1.889426656738646404e-02 1.166232315711094869e-01 5.603127326880119607e-02 0.000000000000000000e+00 6.096425912137015679e-02 1.042442293373047058e-02 9.623976172747578106e-02 5.891660461653014380e-02 7.446016381236042481e-03 3.657855547282201636e-02 1.200670141474312336e-02 1.340282948622487091e-02 2.755026061057334191e-02 4.718912881608339216e-02 1.759121370067014134e-02 4.002233804914379078e-03 3.881236038719285131e-02 1.349590469099031659e-02 4.718912881608339216e-02 1.554355919583023243e-02 9.419210722263587909e-02 9.586746090841313794e-03 3.816083395383473853e-03 5.910275502606110454e-02 3.769545793000741996e-02 7.073715562174237581e-02 2.419955323901712418e-03 1.023827252419955425e-01 3.909158600148926466e-03 2.243112434847356618e-02 1.042442293373045323e-02 5.491437081161579248e-03 4.569992553983619199e-02 6.459419210722261440e-02 3.387937453462398080e-02 3.760238272524200204e-02 8.190618019359642565e-03 6.580416976917349836e-02 1.144825018615041115e-02 1.880119136262100102e-02 5.537974683544304166e-02 1.656738644825019036e-02 1.209977661950856209e-02 1.015450483991064967e-01 3.723008190617965729e-04 5.491437081161579248e-03 3.183172002978406495e-02 9.400595681310500509e-03 3.555472822040208619e-02 1.247207743857036560e-02 4.169769173492181291e-02 3.183172002978406495e-02 3.518242740134025492e-02 4.700297840655254245e-02 4.523454951600891505e-02 3.564780342516754574e-02 6.049888309754281046e-02 5.398361876396085002e-03 2.308265078183172059e-02 2.066269545793000817e-02 1.880119136262100102e-02 3.983618763961280229e-02 7.725241995532386441e-03 1.396128071481756994e-01 4.523454951600891505e-02 1.461280714817572712e-02 7.669396872673120424e-02 1.088979895755770588e-01 1.064780342516753464e-01 1.222077438570365049e-01 1.638123603871928513e-02 3.211094564408041585e-02 3.518242740134028268e-02 2.680565897244974183e-02 2.559568131049888562e-02 1.814966492926284314e-02 3.378629932985854900e-02 5.184288905435591177e-02 4.039463886820550409e-02 2.373417721518987500e-02 8.097542814594183014e-03 5.174981384959045916e-02 2.419955323901712418e-03 5.063291139240506250e-02 2.150037230081908168e-02 8.776991809381980147e-02 1.591586001489203248e-02 6.980640357408779417e-03 1.796351451973194485e-02 1.554355919583023243e-02 1.572970960536113419e-02 3.071481757259866829e-03 8.507073715562174510e-02 2.019731943410275204e-02 8.004467609828730401e-03 3.257632166790765116e-03 4.086001489203276715e-02 4.095309009679821283e-03 6.515264333581530232e-03 1.880119136262100102e-02 8.376768428890526974e-04 3.183172002978406495e-02 9.586746090841400531e-03 1.693968726731199040e-02 3.508935219657483007e-02 6.040580789277737173e-02 4.597915115413253595e-02 2.447877885331348202e-02
9.391288160833954901e-02 2.010424422933732025e-02 5.119136262099754919e-03 1.433358153387936929e-02 1.619508562918836603e-02 6.980640357408779417e-03 2.131422189128817646e-02 8.488458674609083987e-02 2.419955323901712418e-03 9.307520476545039223e-03 5.119136262099810430e-03 6.096425912137015679e-02 0.000000000000000000e+00 4.393149664929263398e-02 8.134772896500375161e-02 1.163440059568131568e-01 3.657855547282201636e-02 2.010424422933732025e-02 7.399478778853313399e-02 2.596798212956068219e-02 2.820178704393149632e-02 2.084884586746090646e-02 1.116902457185403597e-03 3.732315711094563726e-02 1.656738644825019036e-02 1.209977661950856209e-03 8.935219657483256528e-03 2.038346984363365033e-02 9.512285927029040522e-02 2.522338049143710292e-02 1.088979895755770588e-02 6.701414743112435457e-03 2.457185405807893464e-02 1.033134772896501796e-02 4.495532390171257803e-02 3.946388682055100572e-02 2.066269545793000817e-02 1.284437825763216218e-02 4.346612062546538480e-02 1.777736411020104310e-02 3.732315711094563726e-02 5.677587490692484473e-03 5.119136262099775736e-03 2.755026061057334191e-02 1.023827252419955147e-02 8.562918838421446077e-03 1.061057334326135498e-02 4.095309009679821283e-03 1.016381236038719216e-01 3.909158600148926466e-03 6.561801935964259314e-02 6.170886075949366667e-02 5.789277736411019282e-02 1.982501861504094853e-02 3.974311243484734968e-02 1.247207743857036560e-02 9.772896500372302286e-03 1.759121370067014134e-02 4.597915115413253595e-02 2.475800446760982598e-02 1.275130305286664711e-02 7.250558451228594770e-02 7.334326135517499345e-02 1.256515264333582516e-02 5.305286671630676798e-02 2.792256142963522869e-03 1.023827252419955147e-02 9.400595681310500509e-03 4.290766939687267606e-02 2.717795979151153840e-02 5.584512285926879205e-04 1.405435591958302533e-02 2.168652271034998691e-02 2.587490692479524346e-02 8.097542814594194116e-02 6.626954579300076142e-02 5.770662695457928759e-02 3.611317944899479493e-02 2.243112434847356618e-02 1.126209977661951633e-02 1.721891288160834477e-02 6.794489947877901947e-03 2.727103499627700489e-02 1.926656738644827449e-02 9.447133283693223693e-02 1.814966492926284314e-02 8.935219657483256528e-03 1.554355919583023243e-02 4.849218168279970098e-02 7.446016381235931458e-04 3.629932985852568628e-03 1.237900223380489217e-02 3.006329113924050001e-02 4.318689501116901308e-02 2.922561429635145425e-02 2.289650037230082230e-02 2.959791511541325429e-02 1.209977661950856209e-03 1.144825018615041115e-02 1.861504095308982865e-04 4.653760238272630634e-04 1.870811615785553106e-02 6.980640357408779417e-03 2.419955323901712418e-03 3.490320178704392484e-02 8.376768428890526974e-04 1.982501861504094853e-02 2.187267311988086438e-02 3.443782576321663402e-03 2.922561429635145425e-02 5.119136262099775736e-03 5.286671630677586969e-02 4.448994787788532884e-02 9.772896500372302286e-03 1.759121370067014134e-02 3.713700670141474591e-02
