0.000000000000000000e+00 7.906128958760527681e-03 6.037821827295508648e-03 1.141490088858509999e-02 2.670312143996354803e-02 1.406926406926406470e-02 5.324675324675326449e-02 1.627933470038733788e-02 7.780815675552527066e-03 1.406926406926406470e-02 4.164957849168371418e-02 3.242196400091135189e-02 9.531784005468219023e-02 3.693324219640009565e-02 4.437229437229434081e-02 3.989519252677148353e-02 1.928685349737979671e-02 5.627705627705648084e-03 4.642287537024381017e-02 5.080884028252463658e-03 2.620186830713147619e-03 3.561175666438824022e-02 1.015037593984961795e-02 7.382091592617906484e-03 4.659375712007290254e-03 7.256778309409888522e-03 1.479835953520164393e-02 7.644110275689217082e-03 3.515607199817727402e-02 7.404875825928469713e-04 1.403508771929824761e-02 4.887218045112780296e-03 1.887673729778993614e-02 3.721804511278195560e-02 1.253132832080179615e-04 2.278423331054907353e-03 1.010480747322851924e-02 2.841193893825472855e-02 1.156299840510366383e-02 9.307359307359305833e-03 1.148325358851674804e-02 1.621098200045568982e-02 2.118933697881061895e-03 1.459330143540669977e-02 1.454773296878560107e-02 4.864433811802234414e-03 1.938938254727728266e-02 6.937799043062201076e-03 3.907496012759165138e-03 9.204830257461840692e-03 1.010480747322851924e-02 1.238323080428342660e-02 3.709273182957395498e-02 2.686261107313737961e-02 4.218500797448165862e-02 1.395534290271131794e-02 6.265664160400863381e-04 6.722488038277507627e-02 6.026429710640235360e-02 1.311232627022099195e-02 9.569377990431560121e-04 6.629072681704256675e-02 5.014809751651860825e-02 2.873091820460244028e-02 8.828890407837769461e-03 2.897015265436318765e-02 2.314878104351789090e-02 4.693552061973116016e-03 4.530644793802685033e-02 2.003873319662793917e-02 1.468443836864889718e-02 1.213260423786739761e-02 5.148097516518568284e-02 2.694235588972429540e-02 4.423558897243110022e-02 2.718159033948508441e-02 2.781954887218046624e-02 2.812713602187286166e-02 1.367053998632933309e-03 1.514012303485987032e-02 1.492367281840989435e-03 6.049213943950804140e-03 8.373205741626810195e-03 7.328548644338116203e-02 7.496012759170656015e-02 1.708817498291183290e-02 3.261562998405101443e-02 5.430622009569377462e-02 3.691045796308939364e-03 5.639097744360888065e-03 3.295739348370928246e-02 5.655046707678286488e-02 1.897926634768740128e-02 8.863066757803600426e-03 4.568238778765096320e-03 5.012531328320801727e-03 1.169970380496695994e-02 2.648667122351332920e-02 2.318295739348372186e-02 1.321485532011845709e-02 2.587149692412850366e-02 7.755753018910915841e-02 2.812713602187286166e-02 3.511050353155617532e-02 9.284575074048756482e-03 4.032809295967190732e-02 1.948051948051948701e-03 6.596035543403960810e-03 1.225791752107541210e-02 4.465709728867624240e-03 2.267031214399636146e-03 2.584871269081795431e-02 9.102301207564361674e-03 1.394395078605605021e-02 2.121212121212120993e-02 2.595124174071543333e-02
7.906128958760527681e-03 0.000000000000000000e+00 4.568238778765096320e-03 3.970152654363182099e-02 2.175894281157435273e-03 1.216678058783322164e-02 3.548644338118021879e-02 3.002961950330371166e-02 2.734107997265922130e-04 5.320118478013211027e-03 8.646616541353346896e-03 2.363864205969468113e-02 5.775803144224184171e-03 4.510138983823197556e-02 5.263157894736830711e-03 1.082251082251081686e-02 7.870813397129189370e-02 6.954887218045113784e-02 3.852813852813852247e-02 2.518796992481209251e-02 1.892230576441102791e-02 4.602415128730920346e-03 9.444064707222601940e-03 2.138300296195033007e-02 7.085896559580771858e-03 2.358168147641831816e-03 3.072453861927545993e-02 2.372977899293688894e-02 3.708133971291865949e-02 6.854636591478696639e-02 1.367053998632961065e-04 7.085896559580771858e-03 2.870813397129190481e-02 4.365459102301205707e-02 2.449305080884029220e-03 2.255639097744361471e-03 5.228981544771013623e-03 3.040555935292778289e-02 1.651856915014809565e-02 1.621098200045568982e-02 1.623376623376622530e-02 3.267259056732740863e-02 1.650717703349282445e-02 7.347915242652089396e-03 3.841421736158578959e-02 1.922989291410343721e-02 5.529733424470267139e-02 6.949191159717475752e-03 1.498063340168603874e-02 6.032125768967876167e-02 2.084757347915237868e-03 2.723855092276145085e-02 3.969013442697655325e-02 7.997265892002725085e-03 1.742993848256990663e-03 1.958304853041695215e-02 7.017543859649122417e-02 1.859193438140804844e-02 4.093187514240143043e-02 6.492367281840971671e-02 6.390977443609019426e-02 7.732968785600369266e-02 2.852586010480745449e-02 1.805650489861010399e-02 2.164502164502160597e-03 2.470950102529048675e-02 3.023467760309864194e-02 9.409888357256777913e-03 6.197311460469423494e-03 3.354978354978355171e-02 9.352927773980404536e-03 7.006151742993845660e-03 6.321485532011847375e-02 1.085668717247664783e-02 3.435862383230806061e-02 3.930280246069728367e-03 8.555479608111177248e-03 4.078377762588292210e-03 1.070858965595808399e-02 8.646616541353346896e-03 3.303713830029619825e-02 4.978354978354976312e-02 2.090453406242880063e-02 2.271588061061746711e-02 1.485532011847801037e-02 1.262246525404420172e-02 4.013442697653224478e-02 5.199362041467305018e-02 4.022556390977444218e-02 6.337434495329230533e-02 1.348826611984504931e-02 2.842333105490999975e-02 3.549783549783550041e-02 2.368421052631579371e-02 2.551834130781499566e-03 5.194805194805196535e-03 9.261790840738200192e-03 1.229209387104122919e-02 2.028935976304394040e-02 7.746639325586501812e-04 1.581225791752108312e-02 1.611984506721349242e-02 3.230804283435861901e-02 1.855775803144224523e-02 9.090909090909093937e-03 6.994759626338577924e-03 2.073365231259965968e-02 1.982228298017765789e-03 1.455912508544087575e-02 2.418546365914786556e-02 1.660970608339029306e-02 4.707222601959444586e-02 1.756664388243334152e-02 2.335383914331282118e-02 6.858054226475278348e-03 1.639325586694007769e-02
6.037821827295508648e-03 4.568238778765096320e-03 0.000000000000000000e+00 4.840510366826156208e-02 1.516290726817048906e-02 6.573251310093397581e-03 7.211209842788779412e-03 7.779676463886997517e-02 1.345408976987927385e-02 2.469810890863521902e-02 2.318295739348369411e-02 1.891091364775582262e-03 3.359535201640467816e-02 4.940760993392571965e-02 1.869446343130554133e-02 4.457735247208929885e-02 9.478241057188427701e-03 2.358168147641831816e-03 1.249715197083611784e-02 6.436545910230129230e-03 3.634085213032600681e-03 3.652312599681020733e-02 1.386420596946913442e-02 5.821371610845293976e-02 5.991114149008880396e-02 5.475051264524949390e-02 5.232399179767599495e-02 1.022898154477102084e-01 2.129186602870813613e-02 2.139439507860560474e-02 3.853953064479376245e-02 5.194805194805196535e-03 4.732285258601048178e-02 5.642515379357485039e-02 4.684438368648891071e-02 1.070858965595833379e-03 2.460697197539303896e-03 4.864433811802234414e-03 1.633629528366370431e-02 6.971975393028025103e-03 1.682615629984051189e-02 9.683299156983370126e-03 3.074732285258600928e-02 2.120072909546594220e-02 5.933014354066986490e-02 4.256094782410572291e-02 2.377534745955798764e-02 1.175666438824333679e-02 1.315789473684211841e-02 2.607655502392344782e-02 3.051948051948055740e-02 4.265208475734791338e-02 2.116655274550011817e-02 6.994759626338577924e-03 2.027796764638878368e-03 4.670767828662564930e-03 9.432672590567327264e-03 7.097288676236044799e-03 8.566871724766444984e-03 1.869446343130554133e-02 3.165869218500799720e-02 4.970380496696286815e-02 1.207564365459102423e-02 2.449305080884029220e-03 9.638869902027791259e-02 5.159489633173847123e-02 5.389610389610388630e-02 3.791296422875373162e-02 1.169970380496695994e-02 1.614262930052402789e-02 3.444976076555023026e-02 4.841649578491685757e-02 1.416040100250626904e-02 3.369788106630211555e-02 2.656641604010024499e-02 1.392116655274550086e-02 2.392344497607612475e-04 1.704260651629072032e-02 7.074504442925495448e-03 4.796081111870585494e-03 2.278423331054848372e-05 7.120072909546593283e-03 2.773980405559353657e-02 1.639325586694007769e-02 3.643198906356802380e-02 1.457051720209615042e-02 3.930280246069728367e-03 1.240601503759397595e-02 1.077010708589656307e-01 1.348826611984504931e-02 6.990202779676463196e-02 9.249259512417407070e-02 3.947368421052632748e-02 7.908407382091586779e-02 2.791068580542274691e-03 2.362724994303942033e-02 4.431533378901800213e-03 2.165641376167691881e-02 7.108680792891318607e-03 4.625199362041466228e-03 4.013442697653224478e-02 2.751196172248804306e-02 1.863750284802916102e-02 3.110047846889951728e-03 5.023923444976076402e-03 2.673729778992936512e-02 2.349054454317611729e-02 4.283435862383236370e-03 1.157439052175894545e-02 5.521758942811574172e-02 4.141034404192298068e-02 7.290954659375712549e-03 1.411483253588517034e-02 1.880838459785828809e-02 7.564365459102301292e-03 5.012531328320801727e-03
1.141490088858509999e-02 3.970152654363182099e-02 4.840510366826156208e-02 0.000000000000000000e+00 1.058327637275002786e-02 1.139211665527462003e-02 1.171109592162222768e-02 7.507404875825907098e-03 4.913419913419914131e-02 1.253132832079728587e-04 1.624515835042150691e-02 1.479835953520164393e-02 4.491911597174755300e-02 7.524493050808842010e-02 1.105035315561608833e-03 3.114604693552058823e-02 3.417634996582402662e-05 1.420596946912736427e-02 2.895876053770790604e-02 3.902939166097063595e-02 1.070858965595805623e-03 5.889724310776944805e-03 2.731829573934829725e-02 1.216678058783327021e-02 6.868307131465023474e-02 4.363180678970146609e-02 1.723627249943038287e-02 3.294600136705405635e-02 1.424014581909318657e-02 7.006151742993845660e-03 1.238323080428344047e-01 1.200045568466621138e-01 1.649578491683754977e-02 1.992481203007517854e-02 8.212576896787424086e-02 7.057416267942584476e-02 2.483481430849851512e-03 2.123490544543176622e-02 1.403508771929824761e-02 6.629072681704262227e-02 9.763043973570285916e-03 4.020277967646388589e-02 2.608794714057872943e-03 2.631578947368415355e-03 1.480975165185673126e-04 2.200956937799042334e-02 1.253132832080179615e-04 1.922989291410343721e-02 4.568238778765096320e-03 4.613807245386191552e-03 3.476874003189792117e-02 1.160856687172476948e-02 1.398951925267715585e-02 1.161995898838003721e-02 4.741398951925267224e-02 1.656413761676919782e-02 1.417179311916154372e-02 1.822738664843878698e-04 2.050580997949441597e-04 1.389838231943495150e-02 5.035315561631351078e-03 4.146730462519926386e-03 9.683299156983370126e-03 9.444064707222601940e-03 1.195944406470722532e-01 4.109136477557528977e-02 2.608794714057872943e-03 3.246753246753247835e-02 4.329004329004321194e-03 1.484392800182274263e-02 3.049669628616996642e-02 3.211437685121895647e-02 7.074504442925495448e-03 2.050580997949413842e-03 6.869446343130546084e-03 6.618819776714510161e-03 2.406015037593984759e-02 3.631806789701526317e-02 2.612212349054454652e-02 2.616769195716564175e-02 4.818865345181134845e-03 9.512417407154248258e-03 2.269309637730687612e-02 1.512873091820460258e-02 2.022100706311236173e-02 1.230348598769648305e-02 3.457507404875828638e-02 1.484392800182271488e-02 1.158578263841425482e-02 2.392344497607667986e-03 3.315105946684882010e-03 6.709956709956707566e-03 2.703349282296652056e-02 6.265664160401002158e-03 9.808612440191384618e-03 1.404647983595351535e-02 1.182501708817498137e-02 1.480975165185673126e-04 1.663249031670084241e-02 9.113693324219393488e-05 2.304625199362039800e-02 2.416267942583731620e-02 9.102301207564361674e-03 2.410571884256094283e-02 1.221234905445432034e-02 4.465709728867624240e-03 4.020277967646388589e-02 1.646160856687171881e-02 1.171109592162224156e-02 2.654363180678971645e-03 1.946912736386420539e-02 2.278423331054907353e-03 2.178172704488493677e-02 9.102301207564361674e-03 4.556846662109870216e-04 1.647300068352700042e-02
2.670312143996354803e-02 2.175894281157435273e-03 1.516290726817048906e-02 1.058327637275002786e-02 0.000000000000000000e+00 5.885167464114826608e-02 3.411938938254732712e-02 2.802460697197584061e-03 3.075871496923676673e-04 5.882889040783778611e-02 3.434723171565276512e-02 9.068124857598544586e-03 6.345408976987931826e-03 5.821371610845282873e-03 2.445887445887440226e-02 3.104351788562315084e-02 1.922989291410343721e-02 9.444064707222601940e-03 1.758942811574390475e-02 3.646616541353382701e-02 5.742766005923899408e-02 1.329460013670541452e-02 1.376167691957164152e-02 5.536568694463450679e-03 3.737753474595584269e-02 8.893825472772837193e-02 2.309182046024160773e-02 7.175894281157435550e-02 9.956709956709955400e-03 1.159717475506949480e-02 2.505126452494874090e-02 2.941444520391889306e-02 9.113693324219393488e-05 2.664616085668716772e-02 5.312143996354523612e-02 1.527682843472316643e-02 4.955570745044428349e-03 7.302346776030987224e-03 1.604010025062657663e-02 2.347915242652084955e-02 3.759398496240573539e-04 1.867167919799499198e-02 3.312827523353839565e-02 2.606516290726817314e-02 8.908635224424699128e-03 6.482114376851227933e-03 3.078149920255183331e-02 2.834358623832308743e-02 4.429254955570743890e-02 4.242424242424241987e-02 3.737753474595578718e-02 3.763955342902711165e-02 3.888129414445204435e-02 1.621098200045568982e-02 6.664388243335608863e-03 2.843472317156527443e-02 1.199589883800410151e-02 9.444064707222601940e-03 1.572112098427891347e-02 1.586921850079742180e-02 2.762588288904077594e-02 3.727500569605832204e-02 1.936659831396625453e-04 1.480975165185673126e-04 1.237183868762820049e-02 3.214855320118475968e-02 3.266119845067214089e-02 4.417862838915470602e-02 2.417407154249259088e-02 3.418774208247890578e-02 1.064023695602642205e-02 1.124401913875597292e-02 4.021417179311915363e-02 9.922533606744138313e-03 4.488493962178173591e-03 6.539074960127594371e-03 9.330143540669862123e-03 1.935520619731146558e-02 1.896787423103212314e-02 6.835269993164805324e-05 9.432672590567327264e-03 2.278423331054907353e-03 5.980861244019142209e-03 5.358851674641146312e-02 2.662337662337663224e-02 9.740259740259743504e-03 2.566643882433354562e-02 3.302574618364091663e-02 9.954431533378899077e-02 1.113009797220324004e-02 7.764866712235132806e-02 5.655046707678290652e-02 4.201412622465255930e-02 4.725449988607882679e-02 1.401230348598769132e-02 7.450444292549561476e-03 4.579630895420370995e-03 2.170198222829802098e-02 9.330143540669862123e-03 1.217817270448849631e-02 8.874458874458895918e-03 3.189792663476875845e-02 1.616541353383459112e-02 3.178400546821599781e-02 3.770790612895875971e-02 6.573251310093411459e-03 2.909546593757120214e-02 1.237183868762815886e-02 1.632490316700843658e-02 2.392344497607612475e-04 3.860788334472545213e-02 9.865573023467757996e-03 2.828662565504671406e-02 7.507404875825920976e-03 2.669172932330826642e-02 6.812485759854186584e-03
1.406926406926406470e-02 1.216678058783322164e-02 6.573251310093397581e-03 1.139211665527462003e-02 5.885167464114826608e-02 0.000000000000000000e+00 5.855547960811113839e-03 3.809523809523807092e-02 3.075871496924120763e-02 6.265664160400863381e-04 5.456823877876509216e-02 4.203691045796306702e-03 2.580314422419685561e-02 3.155616313511050430e-03 5.562770562770563698e-02 9.523809523809523281e-02 2.289815447710185498e-03 1.184780132148553072e-02 2.825244930508087615e-02 2.102984734563681513e-02 1.421736158578268405e-02 1.945773524720895153e-02 1.889952153110047162e-02 2.923217133743438723e-02 6.073137388926863611e-02 3.668261562998409442e-02 5.399863294600182329e-03 3.388015493278651036e-02 4.682159945317839606e-03 1.173388015493278397e-02 8.521303258145374038e-03 4.888357256778308457e-02 9.432672590567327264e-03 4.534062428799272293e-03 6.315789473684207955e-02 6.607427660059239649e-02 7.393483709273181159e-03 4.374572795625433774e-03 3.238778765094554868e-02 8.395989974937345668e-03 2.588288904078377139e-02 2.800182273866484717e-02 2.349054454317611729e-02 4.306220095693785721e-03 1.149464570517201578e-02 3.443836864889496252e-02 2.354750512645249066e-02 3.645477329687757395e-04 3.263841421736157766e-02 1.003645477329688507e-02 1.296422875370245587e-02 3.515607199817727402e-02 8.908635224424699128e-03 6.698564593301439829e-03 1.120984278879014195e-02 2.112098427887901253e-02 2.734107997265922130e-04 2.128047391205286146e-02 3.167008430166318167e-03 3.509911141490087982e-02 6.823877876509454321e-03 1.125541125541126841e-02 7.245386192754615581e-03 1.439963545226703029e-02 6.589200273410800168e-02 8.337890179995449680e-02 3.637502848029164348e-02 9.489633173843703418e-02 5.149236728184083955e-03 1.113009797220324004e-02 1.526543631806792645e-03 4.876965140123035169e-02 2.854864433811802119e-02 1.161995898838003721e-02 7.006151742993845660e-03 2.338801549327865215e-02 7.302346776030987224e-03 5.035315561631351078e-03 4.636591478696744373e-03 7.040328092959669687e-03 9.649122807017542630e-03 2.335383914331282465e-03 1.594896331738435147e-02 3.873319662793334173e-03 4.127363864205971233e-02 8.669400774663937881e-03 1.572112098427885796e-02 1.558441558441558961e-02 4.511278195488721554e-02 1.018455228981546279e-02 3.929141034404190491e-02 6.294144452039188153e-02 8.337890179995449680e-02 9.417862838915472268e-02 1.913875598086131613e-03 3.139667350193665885e-02 2.104123946229209674e-02 7.575757575757582907e-03 1.409204830257462099e-02 1.455912508544087575e-02 3.030303030303022060e-03 2.433356117566644328e-02 2.336523125996810279e-02 3.640920483025747445e-02 6.436545910230129230e-03 1.511733880154933485e-02 2.904989747095010344e-02 2.098427887901571642e-02 1.714513556618819934e-02 2.050580997949413842e-03 4.853041695146959045e-02 9.808612440191384618e-03 9.899749373433575084e-03 3.621553884711778415e-02 1.011619958988380086e-02 2.818409660514924198e-02
5.324675324675326449e-02 3.548644338118021879e-02 7.211209842788779412e-03 1.171109592162222768e-02 3.411938938254732712e-02 5.855547960811113839e-03 0.000000000000000000e+00 4.006607427660058285e-02 6.304397357028934668e-02 7.871952608794713369e-02 1.441102756892231884e-02 8.271815903394852398e-02 3.683071314650265826e-02 3.084985190248346054e-02 9.945317840054701541e-03 3.736614262930038066e-03 2.177033492822966210e-02 2.369560264297106145e-02 5.494417862838918420e-02 3.495101389838231598e-02 6.852358168147641704e-02 2.351332877648667358e-02 5.697197539302800706e-02 1.944634313055365604e-02 2.053998632946002489e-02 2.573479152426520755e-02 1.108452950558211358e-02 1.625655046707677465e-02 3.953064479380266616e-02 2.882205513784458217e-03 8.121439963545229457e-02 6.253132832080204873e-02 1.828434723171565301e-02 6.035543403964460651e-02 1.811346548188652594e-03 1.274777853725223009e-02 7.256778309409888522e-03 7.211209842788790687e-03 1.417179311916154372e-02 7.245386192754615581e-03 2.620186830713147619e-03 1.447938026885394955e-02 1.655274550011392315e-02 9.421280473912052589e-03 4.478241057188425689e-02 4.020277967646388589e-02 4.830257461836408653e-03 4.716336295283663632e-03 3.503075871496924565e-02 1.877420824789246406e-02 4.227614490772385603e-02 1.412622465254043808e-02 2.657780815675551966e-02 3.603326498063340322e-02 2.563226247436774241e-03 5.696058327637337770e-05 1.139211665527467554e-04 2.335383914331282465e-03 1.079972658920028139e-02 5.023923444976076402e-03 3.759398496240295984e-04 1.788562314878106019e-02 5.479608111187056485e-03 1.462747778537252380e-02 2.732968785600364825e-02 1.113465481886534714e-01 3.509911141490087982e-02 2.539302802460696729e-02 7.051720209614947832e-03 9.785828206880842206e-03 4.413305992253360732e-02 2.456140350877192291e-02 1.109592162223740908e-02 2.679425837320573156e-02 5.558213716108453828e-02 3.174982911825019460e-02 7.456140350877192569e-02 4.816586921850080083e-02 9.444064707222601940e-03 9.489633173843700642e-03 7.974481658692272878e-05 4.693552061973116016e-03 5.162907268170427444e-02 3.010936431989064133e-02 2.192982456140350755e-02 1.687172476646161060e-02 1.855775803144224523e-02 2.084757347915237868e-03 6.604010025062656553e-02 1.615402141717930951e-02 7.483481430849853178e-02 8.512189564821143195e-02 9.935064935064935598e-02 1.049327865117338776e-01 9.751651856915011241e-03 1.222374117110959502e-02 9.489633173843700642e-03 1.181362497151971017e-02 1.442241968557758137e-02 1.212121212121212294e-02 8.737753474595572056e-03 9.341535657325650277e-04 2.930052403736613242e-02 1.008202323991798377e-02 1.173388015493278397e-02 2.118933697881061895e-03 1.982228298017765789e-03 5.126452494873548482e-03 5.046707678286625753e-03 1.452494873547505172e-02 9.421280473912052589e-03 3.360674413305992508e-02 3.369788106630211555e-02 7.484620642515385502e-03 3.610161768056504433e-02 2.107541581225787219e-03
1.627933470038733788e-02 3.002961950330371166e-02 7.779676463886997517e-02 7.507404875825907098e-03 2.802460697197584061e-03 3.809523809523807092e-02 4.006607427660058285e-02 0.000000000000000000e+00 1.901344269765326001e-02 9.694691273638644802e-02 6.949191159717482691e-04 4.159261790840740325e-02 2.219184324447481815e-02 1.573251310093415345e-02 3.757120072909546360e-02 9.193438140806642345e-03 9.478241057188427701e-03 3.086124401913875950e-02 3.517885623148780949e-02 3.754841649578492813e-02 3.284347231715652182e-02 2.572339940760993982e-02 7.523353839143315236e-02 1.002620186830712745e-01 4.158122579175221878e-03 7.048302574618361960e-02 4.004329004329004738e-02 4.244702665755295534e-02 9.352927773980404536e-03 7.963089542036921875e-03 1.295283663704716037e-02 6.207564365459106170e-02 6.778309409888355619e-03 2.321713374344952507e-02 3.380041011619959457e-02 5.378218272955112567e-02 2.335383914331282465e-03 4.887218045112780296e-03 6.835269993164805324e-05 1.418318523581681145e-02 1.921850079744816600e-02 1.222374117110959502e-02 1.657552973342446903e-02 1.183640920483025778e-02 2.355889724310777922e-02 6.114149008885849668e-02 2.323991797676007789e-03 9.603554340396447397e-03 9.136477557530192639e-03 4.397357028935983125e-03 6.402369560264295489e-02 4.351788562314870545e-03 9.751651856915011241e-03 7.313738892686261900e-03 7.085896559580771858e-03 2.335383914331282465e-03 9.603554340396447397e-03 7.085896559580771858e-03 1.861471861471861167e-02 6.322624743677368597e-03 5.881749829118249062e-02 7.686261107313741014e-02 2.768284347231711462e-03 1.245158350421508853e-02 9.501025290498954501e-03 5.655046707678290652e-02 5.160628844839379448e-03 6.033264980633401553e-02 4.693552061973116016e-03 3.077010708589656557e-02 8.897243107769431392e-03 1.305536568694465327e-02 7.439052175894279861e-03 5.779220779220778370e-02 1.465026201868306621e-02 6.278195488721803608e-02 5.276828434723171424e-02 8.414217361585782373e-02 4.693552061973116016e-03 1.428571428571428527e-02 2.449305080884029220e-03 4.807473228525859302e-03 4.025974025974025927e-02 3.736614262930038066e-03 3.082706766917293201e-02 2.870813397129176603e-03 2.368421052631579371e-02 2.112098427887901253e-02 2.260195944406470647e-02 4.627477785372521857e-02 7.544998860788337813e-02 4.349510138983823937e-02 6.785144679881516261e-02 1.569833675096832248e-02 1.444520391888812899e-02 1.461608566871724912e-02 9.501025290498975318e-03 1.444520391888812899e-02 1.676919571656413852e-02 1.916154021417179262e-02 5.190248348143083890e-02 5.331510594668492642e-03 6.316928685349737504e-02 2.039188881294146105e-03 5.194805194805196535e-03 1.641604010025063398e-02 4.215083162451560561e-04 9.261790840738200192e-03 2.885623148781043396e-02 7.313738892686261900e-03 9.466848940533151291e-03 3.116883116883117227e-02 1.231487810435179242e-02 9.888357256778307347e-03 2.419685577580314023e-02 3.129414445203918677e-02
7.780815675552527066e-03 2.734107997265922130e-04 1.345408976987927385e-02 4.913419913419914131e-02 3.075871496923676673e-04 3.075871496924120763e-02 6.304397357028934668e-02 1.901344269765326001e-02 0.000000000000000000e+00 4.239006607427653339e-02 6.839826839826840255e-02 3.217133743449532290e-02 2.903850535429486346e-02 3.539530644793803527e-02 1.115288220551369225e-02 1.969696969696965727e-02 1.217817270448849631e-02 2.128047391205286146e-02 1.512873091820460258e-02 1.470722260195944653e-02 6.812485759854181033e-02 4.228753702437913764e-02 2.848029163818655007e-03 1.109592162223743683e-02 4.303941672362721071e-02 7.500569605832765885e-02 2.768284347231697584e-03 2.262474367737524195e-02 3.278651173388015538e-02 1.150603782182728352e-02 7.535885167464115297e-02 6.611984506721348132e-02 1.422875370243791363e-02 2.592845750740487704e-02 3.164730006835271559e-02 3.913192071086807333e-02 1.167691957165641059e-02 7.325131009341533106e-03 1.233766233766234177e-02 2.644110275689222703e-02 6.789701526543637233e-03 2.349054454317611729e-02 3.554340396445659217e-02 1.176805650489861146e-02 2.588288904078377139e-02 1.392116655274550086e-02 1.651856915014809565e-02 7.382091592617906484e-03 1.339712918660287966e-02 3.296878560036455019e-02 5.399863294600135144e-02 4.004329004329004738e-02 1.836409204830258268e-02 7.347915242652083845e-02 4.465709728867624240e-03 1.656413761676919782e-02 4.864433811802234414e-03 9.432672590567327264e-03 3.250170881749825380e-02 9.011164274322164269e-03 3.542948279790386623e-02 1.355661881977665573e-03 4.966962861699703025e-03 2.175894281157439436e-02 3.845978582820686054e-02 9.266347687400322553e-02 1.624515835042150691e-02 1.116427432216904325e-02 7.427660059239005186e-03 3.759398496240601295e-02 4.679881521986783977e-02 3.285486443381180344e-02 3.058783321941216382e-02 1.622237411711095756e-02 1.633629528366370431e-02 2.322852586010482057e-02 2.592845750740487704e-02 7.439052175894279861e-03 2.132604237867395669e-02 9.444064707222601940e-03 2.232854864433812120e-03 1.657552973342446903e-02 3.229665071770335127e-02 8.737753474595572056e-03 2.206652996126680366e-02 7.370699475962631808e-03 1.131237183868762097e-02 2.734107997265922130e-04 9.734563681932101309e-02 3.421052631578946901e-02 2.032353611300979912e-02 1.838687628161311816e-02 4.948735475051263544e-02 3.795853269537480257e-02 2.711323763955345023e-03 2.416267942583731620e-02 1.179084073820915735e-02 2.210070631123266238e-03 7.359307359307357133e-03 1.452494873547505172e-02 2.310321257689679220e-02 1.828434723171565301e-02 4.272043745727954756e-03 1.866028708133972425e-02 9.261790840738200192e-03 2.420824789245842878e-02 2.005012531328329017e-03 1.460469355206197445e-02 2.832080200501253808e-02 5.023923444976076402e-03 1.698564593301435388e-02 1.455912508544087575e-02 1.466165413533834783e-02 7.507404875825920976e-03 3.536113009797220430e-02 5.035315561631351078e-03
1.406926406926406470e-02 5.320118478013211027e-03 2.469810890863521902e-02 1.253132832079728587e-04 5.882889040783778611e-02 6.265664160400863381e-04 7.871952608794713369e-02 9.694691273638644802e-02 4.239006607427653339e-02 0.000000000000000000e+00 1.261107313738893398e-02 9.531784005468219023e-02 2.279562542720436902e-02 6.976532239690125259e-02 1.398951925267716279e-02 3.018910913647754324e-02 2.607655502392344782e-02 2.603098655730234218e-02 6.858054226475278348e-03 9.159261790840741990e-03 3.748006379585333558e-03 2.065390749601275777e-02 2.071086807928912421e-02 4.372294372294371900e-02 4.335839598997492939e-02 1.200501253132831847e-01 4.839371155160632210e-02 6.802232854864431744e-02 2.901572112098428635e-02 6.231487810435171193e-03 2.319434951013898960e-02 1.349965823650034480e-02 7.040328092959669687e-03 5.399863294600154573e-03 3.987240829346205828e-04 1.551606288448395543e-02 7.359307359307357133e-03 7.382091592617906484e-03 2.574618364092041978e-03 1.643882433356116946e-02 2.631578947368415355e-03 4.485076327181590494e-02 2.604237867395762032e-02 9.364319890635679211e-03 3.536113009797220430e-02 8.817498291182501724e-03 1.213260423786739761e-02 2.278423331054935108e-04 3.995215311004783609e-02 8.954203691045783953e-03 4.235588972431078569e-02 3.759398496240601295e-02 1.811346548188652594e-03 1.473000683526999588e-02 2.608794714057872943e-03 9.444064707222601940e-03 1.181362497151971017e-02 2.617908407382091643e-02 3.955342902711322939e-02 4.683299156983367073e-02 3.210298473456368873e-02 1.917293233082706383e-02 1.701982228298017791e-02 9.182046024151291341e-03 3.288904078377763440e-02 5.812257917521068684e-02 3.539530644793802139e-02 1.099339257233994394e-02 2.132604237867395669e-02 2.093871041239463160e-02 1.116427432216904325e-02 4.855320118478012592e-02 6.869446343130546084e-03 1.727044884939621383e-02 9.239006607427664719e-03 1.273638642059693460e-02 2.893597630439735668e-02 2.425381635907951361e-02 1.414900888585099090e-02 9.489633173843700642e-03 1.173388015493278397e-02 2.221462747778533975e-03 1.723627249943039674e-02 3.229665071770332352e-02 2.745500113921162111e-03 1.948051948051948701e-02 1.228070175438596146e-02 1.154021417179312836e-02 6.341991341991343178e-02 5.837320574162679909e-02 2.571200729095463045e-02 2.244246981089087489e-02 1.271360218728639913e-01 3.937115516062886234e-02 4.522670312143997617e-03 9.170653907496009727e-03 1.182501708817498137e-02 2.210070631123266238e-03 4.545454545454546968e-03 2.403736614262930171e-02 1.378446115288256557e-03 1.600592390066074566e-02 8.771929824561403022e-03 6.766917293233087882e-03 1.925267714741399350e-03 1.632490316700843658e-02 3.300296195033036728e-02 1.645021645021645107e-02 2.351332877648667358e-02 2.125768967874230864e-02 2.574618364092041978e-03 9.227614490772383105e-03 7.632718159033949346e-03 4.397357028935983125e-03 2.580314422419685561e-02 1.400091136933242358e-02
4.164957849168371418e-02 8.646616541353346896e-03 2.318295739348369411e-02 1.624515835042150691e-02 3.434723171565276512e-02 5.456823877876509216e-02 1.441102756892231884e-02 6.949191159717482691e-04 6.839826839826840255e-02 1.261107313738893398e-02 0.000000000000000000e+00 4.924812030075187419e-02 9.432672590567348081e-03 3.683071314650265826e-02 5.628844839371160980e-02 7.591706539074960514e-02 1.862611073137387940e-02 6.277056277056269895e-03 4.197994987468667283e-02 8.806106174527206232e-03 3.299156983367509954e-02 2.354750512645249066e-02 1.134654818865343806e-02 1.117566643882433874e-02 3.544087491455912703e-02 1.647300068352700042e-02 5.354294827979041993e-03 5.285942128047393940e-03 3.021189336978813422e-02 5.889724310776917049e-03 8.472317156527683912e-02 7.540442014126225168e-02 1.608566871724767533e-02 1.119845067213487422e-02 1.394395078605605021e-02 2.116655274550011817e-02 2.812713602187286166e-02 2.842333105490999975e-02 2.833219412166780582e-02 1.182501708817498137e-02 4.715197083618137552e-02 2.791068580542274691e-03 2.631578947368415355e-03 5.035315561631351078e-03 1.169970380496695994e-02 2.136021872863978072e-02 1.694007746639325518e-02 4.944178628389153674e-03 4.430394167236273439e-02 2.164502164502188353e-04 1.570972886762361798e-02 1.157439052175894545e-02 1.274777853725223009e-02 1.626794258373205626e-02 4.606971975393028829e-02 1.174527227158805864e-02 1.831852358168148398e-02 2.107541581225791383e-02 4.419002050581000152e-02 2.164502164502160597e-03 4.316473000683518357e-02 6.568694463431304364e-02 3.168147641831853267e-02 8.304853041695148264e-03 4.987468671679196053e-02 2.982456140350875362e-02 6.971975393028025103e-03 2.616769195716564175e-02 2.124629756208703396e-02 1.887673729778992920e-02 7.560947824105718196e-02 1.846662109820004782e-02 3.170426065162906815e-02 8.612440191387571442e-03 8.031442241968556051e-03 6.117566643882410560e-03 1.046935520619729498e-02 9.011164274322164269e-03 1.341991341991341513e-02 1.686033264980624224e-03 5.383914331282751986e-02 5.878332194121665966e-02 2.851446798815221451e-02 1.524265208475733546e-02 6.444520391888808319e-02 4.150148097516520584e-02 4.178628389154703804e-02 2.443609022556390842e-02 9.694691273638639251e-02 3.400546821599452485e-02 2.118933697881061895e-03 1.499202551834130648e-02 1.950330371383002248e-02 2.974481658692185171e-02 1.171109592162224156e-02 4.488493962178173591e-03 1.885395306447937985e-02 2.574618364092041978e-03 1.176805650489861146e-02 9.728867623604468828e-03 9.273182957393488746e-03 1.731601731601750682e-03 1.411483253588517034e-02 9.330143540669862123e-03 9.307359307359305833e-03 2.130325814536343509e-03 2.278423331054935108e-04 1.220095693779903873e-02 2.357028935976304695e-02 3.070175438596491058e-02 2.366142629300524089e-02 2.187286397812716887e-03 1.639325586694007769e-02 5.320118478013211027e-03 9.136477557530192639e-03 2.122351332877647767e-02
3.242196400091135189e-02 2.363864205969468113e-02 1.891091364775582262e-03 1.479835953520164393e-02 9.068124857598544586e-03 4.203691045796306702e-03 8.271815903394852398e-02 4.159261790840740325e-02 3.217133743449532290e-02 9.531784005468219023e-02 4.924812030075187419e-02 0.000000000000000000e+00 9.180906812485756241e-02 9.444064707222588062e-03 3.997493734335838544e-02 7.035771246297561898e-02 5.855547960811113839e-03 3.105491000227839082e-02 2.016404647983596754e-03 1.140350877192983226e-02 7.473228525860103888e-03 5.216450216450216337e-02 4.963545226703121316e-02 6.347687400318979822e-02 9.409888357256777913e-03 1.403508771929824761e-02 4.276600592390066014e-02 5.461380724538619780e-02 7.854864433811797886e-02 1.467304625199361556e-02 1.318067897015265388e-02 5.627705627705648084e-03 5.513784461152859695e-03 2.756892230576440950e-02 1.409204830257462099e-02 4.010025062656641381e-02 9.968102073365237015e-03 1.629072681704260561e-02 4.647983595352015579e-03 1.169970380496695994e-02 5.251765778081562974e-03 3.271815903394850733e-02 4.955570745044428349e-03 1.172248803827751623e-02 2.173615857826384501e-02 1.397812713602186729e-02 1.411483253588517034e-02 1.443381180223285432e-02 5.308726361357943291e-03 1.944634313055366992e-02 3.283208020050126796e-02 1.128958760537707162e-02 3.121439963545219465e-03 1.712235133287764999e-02 5.103668261562999131e-03 4.602415128730920346e-03 1.167691957165641059e-02 1.410344041922989566e-02 1.822738664843920331e-03 9.261790840738200192e-03 5.185691501480971244e-02 2.425381635907952749e-02 5.841877420824789779e-02 3.896103896103897402e-03 1.822738664843925882e-02 4.632034632034631727e-02 1.660970608339029306e-02 1.643882433356116946e-02 7.040328092959669687e-03 1.417179311916154372e-02 2.096149464570516707e-02 3.565732513100938750e-03 3.493962178172704824e-02 2.717019822282984443e-02 4.899749373433584521e-02 4.968102073365227023e-02 6.324903167008427696e-02 2.726133515607201407e-02 2.322852586010482057e-02 4.694691273638643136e-02 1.025290498974709696e-02 2.781954887218046624e-02 6.402369560264298265e-03 4.032809295967193508e-02 1.789701526543632792e-02 4.097744360902255689e-02 4.329004329004376705e-04 6.504898610161763406e-03 1.853497379813168200e-02 3.491683754841648502e-02 5.206197311460464272e-03 1.925267714741399350e-02 1.990202779676464306e-02 3.606744133059922031e-02 2.472089314194576837e-03 2.194121667805878917e-02 1.917293233082706730e-02 1.453634085213031946e-02 1.139211665527467554e-04 4.853041695146958004e-03 2.243107769423557940e-02 4.921394395078607792e-03 1.163135110503531883e-02 1.443381180223285432e-02 9.307359307359305833e-03 9.409888357256777913e-03 5.023923444976076402e-03 9.785828206880842206e-03 1.688311688311688527e-02 2.655502392344497031e-02 7.051720209614947832e-03 2.267031214399636146e-03 2.182729551150604241e-02 4.101161995898838786e-02 1.144907723855091708e-02 1.940077466393255734e-02
9.531784005468219023e-02 5.775803144224184171e-03 3.359535201640467816e-02 4.491911597174755300e-02 6.345408976987931826e-03 2.580314422419685561e-02 3.683071314650265826e-02 2.219184324447481815e-02 2.903850535429486346e-02 2.279562542720436902e-02 9.432672590567348081e-03 9.180906812485756241e-02 0.000000000000000000e+00 3.544087491455916172e-02 4.676463886990200880e-02 4.593301435406704769e-02 4.041922989291407697e-02 2.994987468671678199e-02 2.309182046024149670e-02 1.637047163362952834e-02 8.305992253360675037e-02 5.213032581453634628e-02 9.655958077010706742e-02 2.091592617908405449e-02 4.726589200273410840e-02 2.122351332877647767e-02 4.236728184096606731e-02 3.773069036226930906e-02 5.315561631351095606e-02 2.244246981089087489e-02 9.203691045796308368e-02 7.323991797676009108e-02 1.737297789929367897e-02 2.240829346092504393e-02 1.404647983595351535e-02 9.136477557530192639e-03 8.976987924356347182e-03 1.647300068352700042e-02 1.159717475506949480e-02 2.850307587149692595e-02 1.799954431533384858e-03 5.012531328320718460e-04 6.971975393028025103e-03 9.728867623604468828e-03 2.116655274550011817e-02 1.177944862155388961e-02 4.887218045112780296e-03 2.278423331054907353e-03 2.723855092276145085e-02 9.239006607427664719e-03 2.784233310549100171e-02 5.446570972886762702e-02 2.022100706311233398e-02 1.877420824789246406e-02 5.574162679425836986e-02 7.302346776030987224e-03 7.461836409204836151e-03 4.545454545454546968e-03 4.968102073365227023e-02 2.113237639553428721e-02 7.268170426065168055e-02 4.519252677147417296e-02 7.591706539074960514e-02 8.242196400091136854e-02 1.598313966735015468e-02 1.818181818181818787e-02 1.163135110503531883e-02 7.074504442925495448e-03 6.960583276372750428e-03 2.175894281157435273e-03 6.349965823650033370e-02 2.080200501253134937e-02 3.562314878104355653e-02 1.105035315561631037e-02 6.576668945090000107e-02 7.275005696058328697e-02 4.875825928457508396e-02 5.206197311460464272e-03 1.012759170653906859e-02 5.308726361357943291e-03 1.110731373889267681e-02 2.930052403736613242e-02 1.315789473684211841e-02 6.413761676919566002e-03 2.947140578719525950e-02 1.878560036454773180e-02 1.605149236728184436e-02 2.117794486215539285e-02 7.020961494645705514e-02 1.490088858509912295e-02 5.240373661426295238e-03 7.518796992481147079e-04 5.126452494873673382e-04 2.259056732740943874e-02 2.843472317156527443e-02 2.278423331054935108e-04 9.409888357256777913e-03 4.625199362041466228e-03 9.717475506949187214e-03 2.244246981089086795e-03 1.387559808612440215e-02 2.715880610617452118e-02 1.872863978127135842e-02 9.831396673501940908e-03 6.949191159717475752e-03 1.650717703349282445e-02 3.303713830029586518e-04 2.961950330371346252e-04 2.620186830713175374e-04 2.620186830713147619e-03 2.130325814536340734e-02 4.534062428799272293e-03 9.842788790157215584e-03 6.812485759854186584e-03 1.876281613123718245e-02 6.835269993164722058e-03
