0.000000000000000000e+00 7.456828885400335061e-03 2.747252747252737493e-03 6.828885400313972065e-02 1.334379905808477651e-02 4.709576138147555935e-03 1.193092621664050279e-01 5.886970172684455327e-03 3.375196232339090774e-02 1.177394034536888984e-03 1.883830455259027925e-02 1.071428571428571508e-01 2.131083202511774299e-01 4.945054945054946915e-02 1.071428571428571508e-01 1.569858712715856142e-02 4.866562009419150847e-02 2.315541601255882709e-02 8.202511773940335260e-02 3.139717425431731712e-03 5.651491365777081000e-02 2.276295133437990226e-02 1.334379905808477651e-02 8.281004709576138267e-02 2.158555729984300980e-02 1.177394034536888984e-03 8.241758241758240233e-03 5.886970172684455327e-03 1.432496075353218157e-01 5.886970172684455327e-03 2.276295133437990226e-02 2.354788069073777967e-03 1.028257456828885474e-01 6.946624803767662004e-02 1.177394034536888984e-03 2.158555729984300980e-02 5.062794348508634079e-02 3.532182103610670421e-03 1.452119309262167590e-02 1.569858712715856142e-02 3.492935635792779325e-02 3.257456828885399447e-02 3.728414442700157816e-02 2.354788069073777967e-03 1.177394034536888984e-03 0.000000000000000000e+00 7.692307692307692735e-02 1.805337519623234285e-02 6.711145996860280738e-02 1.687598116169545387e-02 2.276295133437990226e-02 4.709576138147555935e-03 6.750392464678181548e-02 7.103610675039245814e-02 5.062794348508634079e-02 9.262166405023548876e-02 6.711145996860279350e-02 6.436420722135016703e-02 1.726844583987441339e-02 2.001569858712715089e-02 6.200941915227631274e-02 3.139717425431676201e-03 6.671899529042402133e-03 3.139717425431676201e-03 6.828885400313972065e-02 5.651491365777081000e-02 1.530612244897960883e-02 4.199372056514913409e-02 1.471742543171113971e-01 4.591836734693877098e-02 1.334379905808477651e-02 1.177394034536888984e-03 1.059654631083202514e-01 2.629513343799057268e-02 3.218210361067502800e-02 5.062794348508634079e-02 6.397174254317108955e-02 9.026687598116170386e-02 7.064364207221349168e-02 8.241758241758240233e-03 2.747252747252737493e-03 6.279434850863435669e-03 1.047880690737833242e-01 9.811616954474106089e-03 5.886970172684455327e-03 6.240188383045525145e-02 5.062794348508634079e-02 8.634222919937203922e-02 1.138147566718995252e-01 7.456828885400307305e-03 8.987441130298273739e-02 8.751962323390895249e-02 1.177394034536888984e-03 1.216640502354787712e-02 4.709576138147555935e-03 9.379905808477237428e-02 1.452119309262167590e-02 3.375196232339090774e-02 9.811616954474106089e-03 1.565934065934065922e-01 7.339089481946624305e-02 2.551020408163265363e-02 1.071428571428571508e-01 9.811616954474106089e-03 4.317111459968601961e-02 2.276295133437990226e-02 8.241758241758240233e-03 1.059654631083203902e-02 3.375196232339090774e-02 7.574568288854004183e-02 6.122448979591836593e-02 1.334379905808477651e-02 3.257456828885399447e-02 1.687598116169545387e-02 3.532182103610670421e-03 4.552590266875980451e-02
7.456828885400335061e-03 0.000000000000000000e+00 7.456828885400315632e-02 1.114599686028257541e-01 7.456828885400315632e-02 1.177394034536888984e-03 4.434850863422291900e-02 8.987441130298273739e-02 5.533751962323391754e-02 3.610675039246468571e-02 3.924646781789609129e-03 1.110675039246467599e-01 1.864207221350078214e-01 7.849293563579329280e-04 5.180533751962324018e-02 1.306907378335949999e-01 6.083202511773938559e-02 8.712715855572999990e-02 4.748822605965463683e-02 6.279434850863419015e-02 3.846153846153846367e-02 2.354788069073777967e-03 2.354788069073777967e-03 1.177394034536888984e-03 4.199372056514913409e-02 2.040816326530612082e-02 6.357927786499215084e-02 4.081632653061224164e-02 7.221350078492937141e-02 8.791208791208793283e-02 2.040816326530612082e-02 2.040816326530612082e-02 4.160125588697016763e-02 1.546310832025117599e-01 1.177394034536888984e-03 1.805337519623234285e-02 4.552590266875980451e-02 1.487441130298273184e-01 1.805337519623234285e-02 8.516483516483515370e-02 6.475667189952903635e-02 8.241758241758240233e-03 1.687598116169545387e-02 0.000000000000000000e+00 2.354788069073777967e-03 5.769230769230769551e-02 3.610675039246468571e-02 3.728414442700157816e-02 4.709576138147555935e-03 1.452119309262167590e-02 7.692307692307692735e-02 1.334379905808477651e-02 6.279434850863424566e-02 7.221350078492937141e-02 4.552590266875980451e-02 3.610675039246468571e-02 1.004709576138147487e-01 1.687598116169541917e-02 8.359497645211932948e-02 1.051805337519623462e-01 3.767660910518055850e-02 8.006279434850860355e-02 8.241758241758240233e-02 6.279434850863352402e-03 1.923076923076923184e-02 7.221350078492937141e-02 1.275510204081632681e-01 2.158555729984300980e-02 1.805337519623233522e-01 2.708006279434849173e-02 2.158555729984300980e-02 0.000000000000000000e+00 1.118524332810047067e-01 8.555729984301410629e-02 9.811616954474106089e-03 2.668759811616955302e-02 4.709576138147567037e-02 4.945054945054946915e-02 5.102040816326536277e-03 1.342229199372056148e-01 2.237048665620094967e-02 6.083202511773938559e-02 1.098901098901100548e-02 5.259026687598114536e-02 5.886970172684455327e-03 1.079277864992150698e-01 1.055729984301412711e-01 6.828885400313972065e-02 6.711145996860280738e-02 1.762166405023547766e-01 6.397174254317108955e-02 6.357927786499215084e-02 5.416012558869702509e-02 5.769230769230769551e-02 6.122448979591836593e-02 9.262166405023548876e-02 5.886970172684455327e-03 1.334379905808477651e-02 1.530612244897960883e-02 6.985871271585558651e-02 1.177394034536891065e-02 7.103610675039245814e-02 1.766091051805340761e-02 8.791208791208793283e-02 1.514913657770800837e-01 2.276295133437990226e-02 2.668759811616955302e-02 1.452119309262167590e-02 3.728414442700157816e-02 3.610675039246468571e-02 4.199372056514913409e-02 9.379905808477237428e-02 1.059654631083203902e-02 7.064364207221340841e-03 4.199372056514913409e-02 7.339089481946624305e-02
2.747252747252737493e-03 7.456828885400315632e-02 0.000000000000000000e+00 3.924646781788831973e-04 8.006279434850860355e-02 3.532182103610675972e-02 0.000000000000000000e+00 1.530612244897955332e-02 1.609105180533754176e-02 8.084772370486653648e-02 4.120879120879122892e-02 3.532182103610670421e-03 8.477237048665620112e-02 5.886970172684455327e-03 9.772370486656201116e-02 1.334379905808477651e-02 1.177394034536888984e-03 1.923076923076923184e-02 1.883830455259027925e-02 2.197802197802201096e-02 5.180533751962324018e-02 9.262166405023548876e-02 1.118524332810048039e-01 7.967032967032972035e-02 8.948194662480368766e-02 1.962323390894821218e-02 4.317111459968603349e-03 4.160125588697016763e-02 6.122448979591836593e-02 4.081632653061224164e-02 1.491365777080061461e-02 2.433281004709575424e-02 6.593406593406592187e-02 5.180533751962324018e-02 5.102040816326536277e-03 1.306907378335949999e-01 0.000000000000000000e+00 1.177394034536888984e-03 3.532182103610670421e-03 1.177394034536888984e-03 0.000000000000000000e+00 3.728414442700157816e-02 4.081632653061224164e-02 0.000000000000000000e+00 6.122448979591836593e-02 1.632653061224489666e-01 4.081632653061224164e-02 4.081632653061224164e-02 9.222919937205653618e-02 2.511773940345368716e-02 1.389324960753532401e-01 6.475667189952903635e-02 6.475667189952903635e-02 3.728414442700157816e-02 3.532182103610670421e-03 1.177394034536888984e-03 3.846153846153846367e-02 1.923076923076923184e-02 3.767660910518055850e-02 3.218210361067502800e-02 5.808477237048670361e-02 6.240188383045525145e-02 1.569858712715856142e-02 1.923076923076923184e-02 1.028257456828886029e-01 3.924646781789609129e-03 6.200941915227631274e-02 1.640502354788069272e-01 1.452119309262167590e-02 6.946624803767662004e-02 1.263736263736263687e-01 9.144427001569858937e-02 1.177394034536888984e-03 3.846153846153846367e-02 5.769230769230769551e-02 3.728414442700157816e-02 0.000000000000000000e+00 3.728414442700157816e-02 3.846153846153846367e-02 1.923076923076923184e-02 1.923076923076923184e-02 2.158555729984300980e-02 8.241758241758240233e-03 2.629513343799057268e-02 1.334379905808477651e-02 5.651491365777081000e-02 1.644427001569858660e-01 4.709576138147555935e-03 3.532182103610675972e-02 9.340659340659338006e-02 9.222919937205653618e-02 1.122448979591836871e-01 8.202511773940346362e-02 6.554160125588692765e-02 6.475667189952903635e-02 1.687598116169545387e-02 1.177394034536888984e-03 1.177394034536888984e-03 1.177394034536888984e-03 3.492935635792779325e-02 3.375196232339090774e-02 7.299843014128729046e-02 2.864992150706435758e-02 5.102040816326536277e-03 3.375196232339090774e-02 8.869701726844583800e-02 6.593406593406592187e-02 7.064364207221349168e-02 2.394034536891678777e-02 7.456828885400315632e-02 5.886970172684455327e-03 3.846153846153846367e-02 2.276295133437990226e-02 6.357927786499215084e-02 6.357927786499215084e-02 6.122448979591836593e-02
6.828885400313972065e-02 1.114599686028257541e-01 3.924646781788831973e-04 0.000000000000000000e+00 1.197017268445840221e-01 1.385400313971743014e-01 6.789638932496078194e-02 1.142072213500784361e-01 7.417582417582416210e-02 1.063579277864992179e-01 4.670329670329669003e-02 3.924646781789636885e-02 2.629513343799057268e-02 1.750392464678179050e-01 6.279434850863424566e-02 1.962323390894860076e-03 0.000000000000000000e+00 4.081632653061224164e-02 1.020408163265307255e-02 8.359497645211932948e-02 1.094976452119309218e-01 1.467817896389324861e-01 1.275510204081632404e-01 7.574568288854000020e-02 4.238618524332810056e-02 1.138147566718994419e-02 1.856357927786498885e-01 4.003139717425430177e-02 0.000000000000000000e+00 1.923076923076923184e-02 2.009419152276295251e-01 1.770015698587126818e-01 1.805337519623234285e-02 7.221350078492937141e-02 7.456828885400315632e-02 2.668759811616955302e-02 1.177394034536888984e-03 4.199372056514913409e-02 2.276295133437990226e-02 6.475667189952903635e-02 3.846153846153846367e-02 3.846153846153846367e-02 1.687598116169545387e-02 3.728414442700157816e-02 2.354788069073777967e-03 1.569858712715856142e-02 2.040816326530612082e-02 2.040816326530612082e-02 6.357927786499215084e-02 4.199372056514913409e-02 2.433281004709575424e-02 6.985871271585558651e-02 1.098901098901100548e-02 4.552590266875980451e-02 2.394034536891678777e-02 4.199372056514913409e-02 2.040816326530612082e-02 1.805337519623234285e-02 7.221350078492937141e-02 7.064364207221349168e-02 3.532182103610670421e-03 1.216640502354787712e-02 5.651491365777081000e-02 4.081632653061224164e-02 1.302982731554159779e-01 7.025117739403458073e-02 4.552590266875980451e-02 5.612244897959184353e-02 1.091051805337519554e-01 6.711145996860280738e-02 9.262166405023548876e-02 2.786499215070642466e-02 0.000000000000000000e+00 5.651491365777081000e-02 2.158555729984300980e-02 5.769230769230769551e-02 1.805337519623234285e-02 5.769230769230769551e-02 0.000000000000000000e+00 2.158555729984300980e-02 0.000000000000000000e+00 2.040816326530612082e-02 8.555729984301410629e-02 4.238618524332810056e-02 8.555729984301410629e-02 7.260596546310832400e-02 2.433281004709575424e-02 3.924646781789609129e-03 1.495290423861852513e-01 7.260596546310826849e-02 6.397174254317108955e-02 3.139717425431712283e-02 4.120879120879117341e-02 2.433281004709575424e-02 1.569858712715856142e-02 3.532182103610670421e-03 1.805337519623234285e-02 4.317111459968601961e-02 2.040816326530612082e-02 3.532182103610670421e-03 6.632653061224488833e-02 5.298273155416012570e-02 5.298273155416012570e-02 4.434850863422291900e-02 4.709576138147555935e-03 1.452119309262167590e-02 1.248037676609105029e-01 1.177394034536888984e-03 1.687598116169545387e-02 3.532182103610670421e-03 9.497645211930927367e-02 2.354788069073777967e-03 3.492935635792779325e-02 5.886970172684455327e-03 6.357927786499215084e-02 1.020408163265306145e-01
1.334379905808477651e-02 7.456828885400315632e-02 8.006279434850860355e-02 1.197017268445840221e-01 0.000000000000000000e+00 1.059654631083195575e-02 6.436420722135016703e-02 1.291208791208791617e-01 2.511773940345374267e-02 2.496075353218211168e-01 2.629513343799057268e-02 3.375196232339090774e-02 7.849293563579329280e-04 1.071428571428571508e-01 1.648351648351642496e-02 1.832810047095762007e-01 2.040816326530612082e-02 3.846153846153846367e-02 4.709576138147567037e-02 4.788069073783357554e-02 6.318681318681318437e-02 3.924646781789609129e-03 1.675824175824175422e-01 2.445054945054944695e-01 4.474097331240189934e-02 5.337519623233910604e-02 3.139717425431709508e-02 1.530612244897958663e-01 5.533751962323391754e-02 6.357927786499215084e-02 1.432496075353218157e-01 6.750392464678181548e-02 1.923076923076923184e-02 7.574568288854004183e-02 1.083202511773940502e-01 4.709576138147567037e-02 5.651491365777081000e-02 2.354788069073777967e-03 4.552590266875980451e-02 2.394034536891678777e-02 3.532182103610670421e-03 3.492935635792779325e-02 8.398744113029826819e-02 8.163265306122448328e-02 6.475667189952903635e-02 4.434850863422291900e-02 1.805337519623234285e-02 4.317111459968601961e-02 5.259026687598114536e-02 6.475667189952903635e-02 1.126373626373626258e-01 1.067503924646781843e-01 5.062794348508634079e-02 4.670329670329669003e-02 9.497645211930927367e-02 6.357927786499215084e-02 2.040816326530612082e-02 1.177394034536888984e-03 7.967032967032966484e-02 2.747252747252737493e-03 2.068288854003139665e-01 1.887755102040816202e-01 3.846153846153846367e-02 3.728414442700157816e-02 2.551020408163265363e-02 4.945054945054946915e-02 1.098901098901100548e-02 4.827315541601256976e-02 4.709576138147555935e-03 1.059654631083203902e-02 4.591836734693877098e-02 6.868131868131868711e-02 3.492935635792779325e-02 1.153846153846153910e-01 2.158555729984300980e-02 9.379905808477237428e-02 1.177394034536888984e-03 3.610675039246468571e-02 6.122448979591836593e-02 3.728414442700157816e-02 2.040816326530612082e-02 2.040816326530612082e-02 6.279434850863424566e-02 1.840659340659340781e-01 5.651491365777081000e-02 1.805337519623234285e-02 6.593406593406592187e-02 2.276295133437990226e-02 1.024332810047095810e-01 3.257456828885399447e-02 4.120879120879122892e-02 7.849293563579279320e-02 8.202511773940346362e-02 1.122448979591836871e-01 1.687598116169545387e-02 3.610675039246468571e-02 1.805337519623234285e-02 1.569858712715856142e-02 3.532182103610670421e-03 5.651491365777081000e-02 7.103610675039245814e-02 2.433281004709575424e-02 7.339089481946624305e-02 2.747252747252745819e-02 1.032182103610675000e-01 6.711145996860280738e-02 5.886970172684455327e-03 5.180533751962324018e-02 8.869701726844583800e-02 1.923076923076923184e-02 5.298273155416012570e-02 4.317111459968601961e-02 3.375196232339090774e-02 4.709576138147555935e-03 1.334379905808477651e-02 8.398744113029826819e-02
4.709576138147555935e-03 1.177394034536888984e-03 3.532182103610675972e-02 1.385400313971743014e-01 1.059654631083195575e-02 0.000000000000000000e+00 6.043956043956044688e-02 1.145996860282574303e-01 3.924646781788831973e-04 5.533751962323385509e-02 4.317111459968601961e-02 7.103610675039245814e-02 5.416012558869702509e-02 1.479591836734693855e-01 4.513343799058083805e-02 5.494505494505474985e-03 0.000000000000000000e+00 1.923076923076923184e-02 5.180533751962324018e-02 1.334379905808477651e-02 2.708006279434854724e-02 2.825745682888536336e-02 4.395604395604391090e-02 1.169544740973312846e-01 3.806907378335955272e-02 2.551020408163262587e-02 6.985871271585553099e-02 9.379905808477229101e-02 3.846153846153846367e-02 3.728414442700157816e-02 4.788069073783357554e-02 7.103610675039245814e-02 3.728414442700157816e-02 5.416012558869702509e-02 1.071428571428571508e-01 1.169544740973312291e-01 3.610675039246468571e-02 2.354788069073777967e-03 8.634222919937206697e-03 1.412872841444268168e-02 4.552590266875980451e-02 5.416012558869702509e-02 6.475667189952903635e-02 8.398744113029826819e-02 2.511773940345368716e-02 2.982731554160125698e-02 2.354788069073777967e-03 5.886970172684455327e-03 5.141287284144427372e-02 2.747252747252745819e-02 3.453689167974882679e-02 4.905808477237050269e-02 4.788069073783357554e-02 4.905808477237050269e-02 7.103610675039245814e-02 2.354788069073777967e-03 2.040816326530612082e-02 1.805337519623234285e-02 7.456828885400307305e-03 8.634222919937206697e-03 9.497645211930927367e-02 8.634222919937206697e-03 1.923076923076923184e-02 0.000000000000000000e+00 1.240188383045525977e-01 7.378335949764525115e-02 1.287284144427001675e-01 5.965463108320251395e-02 1.334379905808477651e-02 4.709576138147567037e-02 6.632653061224488833e-02 2.786499215070642466e-02 1.177394034536888984e-03 2.394034536891678777e-02 2.354788069073777967e-03 1.216640502354787712e-02 3.728414442700157816e-02 1.687598116169545387e-02 3.846153846153846367e-02 1.923076923076923184e-02 0.000000000000000000e+00 4.081632653061224164e-02 6.397174254317108955e-02 1.251962323390894694e-01 2.629513343799057268e-02 2.904238618524335180e-02 2.668759811616955302e-02 5.141287284144427372e-02 1.134222919937205587e-01 1.565934065934065922e-01 1.817111459968602516e-01 1.636577708006279608e-01 2.492150706436420671e-01 2.201726844583987430e-01 1.452119309262167590e-02 7.574568288854004183e-02 1.687598116169545387e-02 5.533751962323391754e-02 1.177394034536888984e-03 7.574568288854004183e-02 8.791208791208793283e-02 4.945054945054946915e-02 1.118524332810047067e-01 9.026687598116170386e-02 6.946624803767662004e-02 2.668759811616955302e-02 2.747252747252745819e-02 3.139717425431712283e-02 1.491365777080063126e-01 3.532182103610670421e-03 1.094976452119309218e-01 1.923076923076923184e-02 7.339089481946624305e-02 5.298273155416012570e-02 3.257456828885399447e-02 4.317111459968601961e-02
1.193092621664050279e-01 4.434850863422291900e-02 0.000000000000000000e+00 6.789638932496078194e-02 6.436420722135016703e-02 6.043956043956044688e-02 0.000000000000000000e+00 1.248037676609105029e-01 1.962323390894815667e-02 1.507064364207221230e-01 3.414442700156983257e-02 1.263736263736263687e-01 5.494505494505497190e-02 1.373626373626373742e-01 4.277864992150709478e-02 2.009419152276295251e-01 4.709576138147555935e-03 1.177394034536888984e-03 4.866562009419150847e-02 4.591836734693877098e-02 7.064364207221340841e-03 4.552590266875980451e-02 1.530612244897958663e-01 2.456828885400313967e-01 1.102825745682888547e-01 5.886970172684455327e-03 8.634222919937206697e-03 2.864992150706435758e-02 1.114599686028257541e-01 7.456828885400315632e-02 8.241758241758240233e-02 6.043956043956044688e-02 3.021978021978022344e-02 5.612244897959184353e-02 3.021978021978022344e-02 9.419152276295111870e-03 0.000000000000000000e+00 1.177394034536888984e-03 4.081632653061224164e-02 2.040816326530612082e-02 2.040816326530612082e-02 1.687598116169545387e-02 2.040816326530612082e-02 0.000000000000000000e+00 6.593406593406592187e-02 6.240188383045525145e-02 0.000000000000000000e+00 4.081632653061224164e-02 7.182103610675039107e-02 4.788069073783357554e-02 4.905808477237050269e-02 2.276295133437990226e-02 1.687598116169545387e-02 1.322605965463108380e-01 4.199372056514913409e-02 2.040816326530612082e-02 5.769230769230769551e-02 1.923076923076923184e-02 4.238618524332810056e-02 8.869701726844583800e-02 1.063579277864992179e-01 1.240188383045525977e-01 4.670329670329669003e-02 4.709576138147555935e-03 1.726844583987441339e-02 1.228414442700156983e-01 1.412872841444268168e-02 1.342229199372056148e-01 2.158555729984300980e-02 7.339089481946624305e-02 6.161695447409731852e-02 1.130298273155416200e-01 9.811616954474106089e-03 3.728414442700157816e-02 7.456828885400315632e-02 9.497645211930927367e-02 1.687598116169545387e-02 9.615384615384615918e-02 2.158555729984300980e-02 0.000000000000000000e+00 0.000000000000000000e+00 4.081632653061224164e-02 2.629513343799057268e-02 3.100470957613815637e-02 2.394034536891678777e-02 1.687598116169545387e-02 2.394034536891678777e-02 1.043956043956043855e-01 2.668759811616955302e-02 1.499215070643642178e-01 9.811616954474100538e-02 1.962323390894860076e-03 1.204866562009418995e-01 8.830455259026687154e-02 2.276295133437990226e-02 2.276295133437990226e-02 2.040816326530612082e-02 6.122448979591836593e-02 3.728414442700157816e-02 3.492935635792779325e-02 2.668759811616955302e-02 2.001569858712715089e-02 9.419152276295111870e-03 9.105180533751960903e-02 2.394034536891678777e-02 1.067503924646781843e-01 8.516483516483515370e-02 1.216640502354787712e-02 4.199372056514913409e-02 2.354788069073777967e-03 6.122448979591836593e-02 1.805337519623234285e-02 7.221350078492937141e-02 3.532182103610670421e-03 4.434850863422291900e-02 2.511773940345368716e-02
5.886970172684455327e-03 8.987441130298273739e-02 1.530612244897955332e-02 1.142072213500784361e-01 1.291208791208791617e-01 1.145996860282574303e-01 1.248037676609105029e-01 0.000000000000000000e+00 1.138147566718994419e-02 3.453689167974882679e-02 6.593406593406592187e-02 2.013343799058084915e-01 2.747252747252737493e-03 8.006279434850860355e-02 8.241758241758240233e-03 1.495290423861852513e-01 4.081632653061224164e-02 4.199372056514913409e-02 4.905808477237050269e-02 1.295133437990580727e-01 7.339089481946624305e-02 9.144427001569858937e-02 1.028257456828885474e-01 3.116169544740973740e-01 1.059654631083203902e-02 5.376766091051807250e-02 8.751962323390895249e-02 1.318681318681318437e-01 0.000000000000000000e+00 9.144427001569858937e-02 2.551020408163265363e-02 5.572998430141284931e-02 7.339089481946624305e-02 2.574568288854003351e-01 9.379905808477237428e-02 4.945054945054946915e-02 0.000000000000000000e+00 0.000000000000000000e+00 4.081632653061224164e-02 4.081632653061224164e-02 0.000000000000000000e+00 5.769230769230769551e-02 6.122448979591836593e-02 4.081632653061224164e-02 1.687598116169545387e-02 2.982731554160125698e-02 2.040816326530612082e-02 2.040816326530612082e-02 7.064364207221340841e-03 8.751962323390895249e-02 8.516483516483515370e-02 4.670329670329669003e-02 5.651491365777081000e-02 2.276295133437990226e-02 2.040816326530612082e-02 2.040816326530612082e-02 1.923076923076923184e-02 1.177394034536888984e-03 3.257456828885399447e-02 3.924646781789636885e-02 1.228414442700156983e-01 7.142857142857145236e-02 6.357927786499215084e-02 1.452119309262167590e-02 6.907378335949759807e-02 6.279434850863419015e-02 2.747252747252745819e-02 9.536891679748821238e-02 2.040816326530612082e-02 8.398744113029826819e-02 5.298273155416012570e-02 4.709576138147567037e-02 1.177394034536888984e-03 4.709576138147555935e-03 3.846153846153846367e-02 3.375196232339090774e-02 1.805337519623234285e-02 3.610675039246468571e-02 0.000000000000000000e+00 1.177394034536888984e-03 1.923076923076923184e-02 1.923076923076923184e-02 6.357927786499215084e-02 3.021978021978022344e-02 6.240188383045525145e-02 3.492935635792779325e-02 8.163265306122448328e-02 3.532182103610670421e-03 3.924646781789609129e-03 5.023547880690737433e-02 6.083202511773938559e-02 9.419152276295111870e-03 6.083202511773944110e-02 5.102040816326536277e-03 3.846153846153846367e-02 3.728414442700157816e-02 2.040816326530612082e-02 2.158555729984300980e-02 1.805337519623234285e-02 1.923076923076923184e-02 3.885400313971743014e-02 2.864992150706435758e-02 1.240188383045525977e-01 6.593406593406592187e-02 1.098901098901100548e-02 8.398744113029826819e-02 1.091051805337519554e-01 4.552590266875980451e-02 1.569858712715856142e-02 2.354788069073777967e-03 1.923076923076923184e-02 1.805337519623234285e-02 3.846153846153846367e-02 4.709576138147555935e-03 2.276295133437990226e-02 1.248037676609105029e-01
3.375196232339090774e-02 5.533751962323391754e-02 1.609105180533754176e-02 7.417582417582416210e-02 2.511773940345374267e-02 3.924646781788831973e-04 1.962323390894815667e-02 1.138147566718994419e-02 0.000000000000000000e+00 6.593406593406603289e-02 3.021978021978022344e-02 4.709576138147555935e-03 7.142857142857145236e-02 5.808477237048670361e-02 8.908948194662480446e-02 6.671899529042457644e-03 1.687598116169545387e-02 3.492935635792779325e-02 3.021978021978022344e-02 6.711145996860280738e-02 1.228414442700156983e-01 2.668759811616955302e-02 9.811616954474100538e-02 1.797488226059654748e-01 4.317111459968603349e-03 1.726844583987441339e-02 3.296703296703301644e-02 3.139717425431676201e-03 5.416012558869702509e-02 5.180533751962324018e-02 2.904238618524335180e-02 8.751962323390895249e-02 2.354788069073777967e-03 3.375196232339090774e-02 1.098901098901100548e-02 4.827315541601256976e-02 3.846153846153846367e-02 7.692307692307692735e-02 1.687598116169545387e-02 3.846153846153846367e-02 9.379905808477237428e-02 1.452119309262167590e-02 2.394034536891678777e-02 8.281004709576138267e-02 4.317111459968601961e-02 2.629513343799057268e-02 2.276295133437990226e-02 1.452119309262167590e-02 2.982731554160125698e-02 1.067503924646781843e-01 1.091051805337519554e-01 1.091051805337519554e-01 7.064364207221340841e-03 3.100470957613815637e-02 5.769230769230769551e-02 6.122448979591836593e-02 2.040816326530612082e-02 1.177394034536888984e-03 2.433281004709575424e-02 9.458398744113030721e-02 2.201726844583987430e-01 1.636577708006279608e-01 2.354788069073777967e-03 1.805337519623234285e-02 9.890109890109893831e-02 4.042386185243329599e-02 5.023547880690737433e-02 1.126373626373626258e-01 2.629513343799057268e-02 1.059654631083203902e-02 4.238618524332810056e-02 1.094976452119309218e-01 1.216640502354787712e-02 1.334379905808477651e-02 4.434850863422291900e-02 9.144427001569858937e-02 3.532182103610670421e-03 1.805337519623234285e-02 2.354788069073777967e-03 3.728414442700157816e-02 4.199372056514913409e-02 1.805337519623234285e-02 8.673469387755103344e-02 6.868131868131868711e-02 2.629513343799057268e-02 3.728414442700157816e-02 8.398744113029826819e-02 4.199372056514913409e-02 2.068288854003139665e-01 9.026687598116170386e-02 2.315541601255882709e-02 1.844583987441128503e-02 1.974097331240188269e-01 1.758241758241758657e-01 5.533751962323391754e-02 4.709576138147555935e-03 1.805337519623234285e-02 4.199372056514913409e-02 1.805337519623234285e-02 5.651491365777081000e-02 8.673469387755103344e-02 7.456828885400307305e-03 9.262166405023548876e-02 5.886970172684455327e-03 2.354788069073777967e-03 1.452119309262167590e-02 7.456828885400315632e-02 7.339089481946624305e-02 6.475667189952903635e-02 2.276295133437990226e-02 1.334379905808477651e-02 5.533751962323391754e-02 5.416012558869702509e-02 4.709576138147555935e-03 4.552590266875980451e-02 8.163265306122448328e-02
1.177394034536888984e-03 3.610675039246468571e-02 8.084772370486653648e-02 1.063579277864992179e-01 2.496075353218211168e-01 5.533751962323385509e-02 1.507064364207221230e-01 3.453689167974882679e-02 6.593406593406603289e-02 0.000000000000000000e+00 4.709576138147555935e-03 1.024332810047095810e-01 1.240188383045525977e-01 1.098901098901098883e-01 9.065934065934072583e-02 1.102825745682889380e-01 2.276295133437990226e-02 1.177394034536888984e-03 4.552590266875980451e-02 1.067503924646781843e-01 1.024332810047095810e-01 1.059654631083202514e-01 6.946624803767662004e-02 1.966248037676609217e-01 1.138147566718994419e-02 1.075353218210361450e-01 8.359497645211932948e-02 1.605180533751962568e-01 1.569858712715856142e-02 8.241758241758240233e-03 7.221350078492937141e-02 2.629513343799057268e-02 3.610675039246468571e-02 1.514913657770800837e-01 2.982731554160125698e-02 1.432496075353218157e-01 4.081632653061224164e-02 2.354788069073777967e-03 1.177394034536888984e-03 8.281004709576138267e-02 7.456828885400315632e-02 4.434850863422291900e-02 2.511773940345368716e-02 6.240188383045525145e-02 8.869701726844583800e-02 4.905808477237050269e-02 3.532182103610670421e-03 2.511773940345368716e-02 8.751962323390895249e-02 6.828885400313972065e-02 3.021978021978022344e-02 8.241758241758240233e-03 1.334379905808477651e-02 5.062794348508634079e-02 1.805337519623234285e-02 1.805337519623234285e-02 4.081632653061224164e-02 0.000000000000000000e+00 2.433281004709575424e-02 1.318681318681318437e-01 6.868131868131868711e-02 1.232339089481946925e-01 1.687598116169545387e-02 6.122448979591836593e-02 1.228414442700156983e-01 1.609105180533754176e-02 2.864992150706435758e-02 2.433281004709575424e-02 6.240188383045525145e-02 1.059654631083203902e-02 1.094976452119309218e-01 1.263736263736263687e-01 2.394034536891678777e-02 5.298273155416012570e-02 4.317111459968601961e-02 7.456828885400315632e-02 1.805337519623234285e-02 1.805337519623234285e-02 2.276295133437990226e-02 5.769230769230769551e-02 2.276295133437990226e-02 2.158555729984300980e-02 7.221350078492937141e-02 4.591836734693877098e-02 8.281004709576138267e-02 2.394034536891678777e-02 3.728414442700157816e-02 4.434850863422291900e-02 1.660125588697017041e-01 1.240188383045525977e-01 1.350078492935636310e-01 1.240188383045525977e-01 1.051805337519623462e-01 1.000784929356357544e-01 4.709576138147555935e-03 5.298273155416012570e-02 3.846153846153846367e-02 2.276295133437990226e-02 7.574568288854004183e-02 1.805337519623234285e-02 2.315541601255882709e-02 1.295133437990581005e-02 6.868131868131868711e-02 1.098901098901100548e-02 3.492935635792779325e-02 6.828885400313972065e-02 2.629513343799057268e-02 4.199372056514913409e-02 1.248037676609105029e-01 6.475667189952903635e-02 9.379905808477237428e-02 5.416012558869702509e-02 1.569858712715856142e-02 1.334379905808477651e-02 8.516483516483515370e-02 2.276295133437990226e-02
1.883830455259027925e-02 3.924646781789609129e-03 4.120879120879122892e-02 4.670329670329669003e-02 2.629513343799057268e-02 4.317111459968601961e-02 3.414442700156983257e-02 6.593406593406592187e-02 3.021978021978022344e-02 4.709576138147555935e-03 0.000000000000000000e+00 1.114599686028256986e-01 5.769230769230770939e-02 5.808477237048659259e-02 2.182103610675040217e-01 9.654631083202513953e-02 2.119309262166404473e-01 1.412872841444269834e-01 1.840659340659340781e-01 7.103610675039245814e-02 1.259811616954474300e-01 5.886970172684455327e-03 9.536891679748821238e-02 2.668759811616955302e-02 1.569858712715856142e-02 4.709576138147555935e-03 4.670329670329669003e-02 4.434850863422291900e-02 2.197802197802201096e-02 4.356357927786497219e-02 4.238618524332810056e-02 9.458398744113030721e-02 4.905808477237050269e-02 3.218210361067502800e-02 1.452119309262167590e-02 6.240188383045525145e-02 1.248037676609105029e-01 2.158555729984300980e-02 1.236263736263736174e-01 2.040816326530612082e-02 1.079277864992150698e-01 4.709576138147555935e-03 2.276295133437990226e-02 3.532182103610670421e-03 4.317111459968601961e-02 2.394034536891678777e-02 1.687598116169545387e-02 1.923076923076923184e-02 5.141287284144427372e-02 3.610675039246468571e-02 1.334379905808477651e-02 1.334379905808477651e-02 7.182103610675039107e-02 3.100470957613815637e-02 1.098901098901100548e-02 2.276295133437990226e-02 6.711145996860280738e-02 7.103610675039245814e-02 9.811616954474106089e-03 3.728414442700157816e-02 6.671899529042385479e-02 3.924646781789609129e-03 1.377551020408163129e-01 5.141287284144427372e-02 5.926216640502351973e-02 3.453689167974882679e-02 3.846153846153846367e-02 4.081632653061224164e-02 4.434850863422291900e-02 8.163265306122448328e-02 1.330455259026687709e-01 8.634222919937206697e-03 1.220565149136577654e-01 1.306907378335949999e-01 8.124018838304553070e-02 5.376766091051807250e-02 1.354003139717425419e-01 6.475667189952903635e-02 7.535321821036106149e-02 1.079277864992150698e-01 1.522762951334379888e-01 5.141287284144427372e-02 1.314756671899529605e-01 1.083202511773940502e-01 1.169544740973312291e-01 8.908948194662480446e-02 1.660125588697017041e-01 1.118524332810047067e-01 1.444270015698587428e-01 1.106750392464678351e-01 2.158555729984300980e-02 8.241758241758240233e-03 4.317111459968601961e-02 3.335949764521192740e-02 2.040816326530612082e-02 4.081632653061224164e-02 2.040816326530612082e-02 4.199372056514913409e-02 7.456828885400315632e-02 3.492935635792779325e-02 3.610675039246468571e-02 8.751962323390895249e-02 2.394034536891678777e-02 1.687598116169545387e-02 2.276295133437990226e-02 1.687598116169545387e-02 4.709576138147555935e-03 1.452119309262167590e-02 2.276295133437990226e-02 4.709576138147555935e-03 8.281004709576138267e-02 2.276295133437990226e-02 2.511773940345368716e-02 8.516483516483515370e-02 1.236263736263736174e-01 6.357927786499215084e-02
1.071428571428571508e-01 1.110675039246467599e-01 3.532182103610670421e-03 3.924646781789636885e-02 3.375196232339090774e-02 7.103610675039245814e-02 1.263736263736263687e-01 2.013343799058084915e-01 4.709576138147555935e-03 1.024332810047095810e-01 1.114599686028256986e-01 0.000000000000000000e+00 3.689167974882257006e-02 0.000000000000000000e+00 1.397174254317111730e-01 4.160125588697016763e-02 1.354003139717425419e-01 1.915227629513343022e-01 3.492935635792779325e-02 7.064364207221340841e-03 4.434850863422291900e-02 4.434850863422291900e-02 2.052590266875981007e-01 8.987441130298273739e-02 2.158555729984300980e-02 3.532182103610670421e-03 4.199372056514913409e-02 6.240188383045525145e-02 8.830455259026687154e-02 2.080062794348502830e-02 1.648351648351648047e-02 4.160125588697016763e-02 6.985871271585558651e-02 2.001569858712715089e-02 4.199372056514913409e-02 6.357927786499215084e-02 4.317111459968601961e-02 1.043956043956043855e-01 4.081632653061224164e-02 1.032182103610675000e-01 9.144427001569858937e-02 5.259026687598114536e-02 8.163265306122448328e-02 2.276295133437990226e-02 1.687598116169545387e-02 7.339089481946624305e-02 6.240188383045525145e-02 1.687598116169545387e-02 2.629513343799057268e-02 3.492935635792779325e-02 2.511773940345368716e-02 2.511773940345368716e-02 4.552590266875980451e-02 5.298273155416012570e-02 3.610675039246468571e-02 2.158555729984300980e-02 3.532182103610670421e-03 3.375196232339090774e-02 3.532182103610670421e-03 4.199372056514913409e-02 8.202511773940346362e-02 1.098901098901098328e-01 7.299843014128729046e-02 2.237048665620094967e-02 4.709576138147567037e-02 8.594976452119307275e-02 1.923076923076923184e-02 5.651491365777081000e-02 4.081632653061224164e-02 6.122448979591836593e-02 8.241758241758240233e-03 2.080062794348508382e-02 1.181318681318681563e-01 8.359497645211932948e-02 1.169544740973312291e-01 2.825745682888536336e-02 1.036106750392464804e-01 4.945054945054946915e-02 3.335949764521192740e-02 1.354003139717425419e-01 6.279434850863435669e-03 1.738618524332810056e-01 8.908948194662480446e-02 2.154631083202511732e-01 7.182103610675039107e-02 2.354788069073782131e-02 7.339089481946624305e-02 5.416012558869702509e-02 4.552590266875980451e-02 1.848508634222920111e-01 1.142072213500784916e-01 3.728414442700157816e-02 4.709576138147567037e-02 4.081632653061224164e-02 1.923076923076923184e-02 1.452119309262167590e-02 1.177394034536888984e-03 3.728414442700157816e-02 2.354788069073777967e-03 3.846153846153846367e-02 5.886970172684455327e-03 2.040816326530612082e-02 2.158555729984300980e-02 2.354788069073777967e-03 5.533751962323391754e-02 2.158555729984300980e-02 1.334379905808477651e-02 1.452119309262167590e-02 1.805337519623234285e-02 3.610675039246468571e-02 4.081632653061224164e-02 2.158555729984300980e-02 5.533751962323391754e-02 4.552590266875980451e-02 1.055729984301412711e-01 3.375196232339090774e-02
2.131083202511774299e-01 1.864207221350078214e-01 8.477237048665620112e-02 2.629513343799057268e-02 7.849293563579329280e-04 5.416012558869702509e-02 5.494505494505497190e-02 2.747252747252737493e-03 7.142857142857145236e-02 1.240188383045525977e-01 5.769230769230770939e-02 3.689167974882257006e-02 0.000000000000000000e+00 1.452119309262167590e-02 2.433281004709575424e-02 6.318681318681318437e-02 1.962323390894860076e-03 1.530612244897960883e-02 3.375196232339090774e-02 3.610675039246468571e-02 1.667974882260596647e-01 1.259811616954474300e-01 1.354003139717425419e-01 4.788069073783357554e-02 5.533751962323391754e-02 7.574568288854004183e-02 1.067503924646781843e-01 2.511773940345368716e-02 1.542386185243327379e-01 8.241758241758240233e-02 7.888540031397178742e-02 7.182103610675039107e-02 1.299058084772370392e-01 3.021978021978022344e-02 1.687598116169545387e-02 1.569858712715856142e-02 1.836734693877551117e-01 1.805337519623234285e-02 8.516483516483515370e-02 4.081632653061224164e-02 6.475667189952903635e-02 3.257456828885399447e-02 6.122448979591836593e-02 3.846153846153846367e-02 2.276295133437990226e-02 3.610675039246468571e-02 5.769230769230769551e-02 1.805337519623234285e-02 2.315541601255882709e-02 1.452119309262167590e-02 2.629513343799057268e-02 5.886970172684455327e-03 5.259026687598114536e-02 8.241758241758240233e-03 1.098901098901100548e-02 1.687598116169545387e-02 1.569858712715856142e-02 2.394034536891678777e-02 3.924646781789609129e-03 5.416012558869702509e-02 8.006279434850860355e-02 1.134222919937205587e-01 1.577708006279434638e-01 8.320251177394036302e-02 4.474097331240187159e-02 1.479591836734693855e-01 1.569858712715856142e-02 1.177394034536888984e-03 1.687598116169545387e-02 3.610675039246468571e-02 9.693877551020407823e-02 1.330455259026687709e-01 2.943485086342229051e-02 4.905808477237050269e-02 4.474097331240187159e-02 1.071428571428571508e-01 4.945054945054946915e-02 3.532182103610670421e-03 3.139717425431712283e-02 8.869701726844583800e-02 1.295133437990580727e-01 2.864992150706435758e-02 3.100470957613815637e-02 7.339089481946624305e-02 1.569858712715856142e-02 2.354788069073777967e-03 2.629513343799057268e-02 1.687598116169545387e-02 5.416012558869702509e-02 1.452119309262167590e-02 7.456828885400315632e-02 6.828885400313972065e-02 3.492935635792779325e-02 2.786499215070642466e-02 1.923076923076923184e-02 1.687598116169545387e-02 2.040816326530612082e-02 5.769230769230769551e-02 5.769230769230769551e-02 2.276295133437990226e-02 2.629513343799057268e-02 8.241758241758240233e-03 4.552590266875980451e-02 3.532182103610670421e-03 1.923076923076923184e-02 1.923076923076923184e-02 1.142072213500784916e-01 3.492935635792779325e-02 3.728414442700157816e-02 3.728414442700157816e-02 2.158555729984300980e-02 4.434850863422291900e-02 1.452119309262167590e-02 4.317111459968601961e-02 6.357927786499215084e-02 2.158555729984300980e-02
